0.000000000000000000e+00 3.957172107205053635e+00
1.000000000000000056e-01 3.956101021007896179e+00
2.000000000000000111e-01 3.952893049610395337e+00
3.000000000000000444e-01 3.947563990494984409e+00
4.000000000000000222e-01 3.940139960489830173e+00
5.000000000000000000e-01 3.930657082308641748e+00
6.000000000000000888e-01 3.919161055453912468e+00
7.000000000000000666e-01 3.905706620862758882e+00
8.000000000000000444e-01 3.890356930746463604e+00
9.000000000000000222e-01 3.873182836782973482e+00
1.000000000000000000e+00 3.854262111151740555e+00
1.100000000000000089e+00 3.833678615673363765e+00
1.200000000000000178e+00 3.811521434722919821e+00
1.300000000000000044e+00 3.787883987480711312e+00
1.400000000000000133e+00 3.762863134643623653e+00
1.500000000000000000e+00 3.736558293805103403e+00
1.600000000000000089e+00 3.709070576566375621e+00
1.700000000000000178e+00 3.680501959071591500e+00
1.800000000000000044e+00 3.650954496002611904e+00
1.900000000000000133e+00 3.620529586417831069e+00
2.000000000000000000e+00 3.589327298088562657e+00
2.100000000000000089e+00 3.557445755136257048e+00
2.200000000000000178e+00 3.524980592420945413e+00
2.300000000000000266e+00 3.492024477954203121e+00
2.400000000000000355e+00 3.458666704024437877e+00
2.500000000000000000e+00 3.424992845704366573e+00
2.600000000000000089e+00 3.391084484836426327e+00
2.700000000000000178e+00 3.357018995875193923e+00
2.800000000000000266e+00 3.322869391730876032e+00
2.900000000000000355e+00 3.288704221772320579e+00
3.000000000000000000e+00 3.254587521799123806e+00
3.100000000000000089e+00 3.220578807331264670e+00
3.200000000000000178e+00 3.186733107138195464e+00
3.300000000000000266e+00 3.153101032459915132e+00
3.400000000000000355e+00 3.119728873882365860e+00
3.500000000000000000e+00 3.086658726657276475e+00
3.600000000000000089e+00 3.053928634584224255e+00
3.700000000000000178e+00 3.021572751616474761e+00
3.800000000000000266e+00 2.989621516293539116e+00
3.900000000000000355e+00 2.958101835200466212e+00
4.000000000000000000e+00 2.927037275948407569e+00
4.100000000000000533e+00 2.896448256079509065e+00
4.200000000000000178e+00 2.866352243619019191e+00
4.299999999999999822e+00 2.836763949029830201e+00
4.400000000000000355e+00 2.807695517732611279e+00
4.500000000000000000e+00 2.779156718010256100e+00
4.600000000000000533e+00 2.751155122918191864e+00
4.700000000000000178e+00 2.723696290509280971e+00
4.800000000000000711e+00 2.696783925570400697e+00
4.900000000000000355e+00 2.670420049109623051e+00
5.000000000000000000e+00 2.644605148365997138e+00
5.100000000000000533e+00 2.619338323201247931e+00
5.200000000000000178e+00 2.594617423379474985e+00
5.300000000000000711e+00 2.570439177465289049e+00
5.400000000000000355e+00 2.546799313462599912e+00
5.500000000000000000e+00 2.523692671267951937e+00
5.600000000000000533e+00 2.501113307239677397e+00
5.700000000000000178e+00 2.479054589876739101e+00
5.800000000000000711e+00 2.457509295182092046e+00
5.900000000000000355e+00 2.436469677324737404e+00
6.000000000000000000e+00 2.415927556107533292e+00
6.100000000000000533e+00 2.395874380393081537e+00
6.200000000000000178e+00 2.376301292601112891e+00
6.300000000000000711e+00 2.357199186353398090e+00
6.400000000000000355e+00 2.338558757382713793e+00
6.500000000000000000e+00 2.320370559563400548e+00
6.600000000000000533e+00 2.302625024510973617e+00
6.700000000000000178e+00 2.285312535049399685e+00
6.800000000000000711e+00 2.268423432114730076e+00
6.900000000000000355e+00 2.251948044546736583e+00
7.000000000000000000e+00 2.235876748319753915e+00
7.100000000000000533e+00 2.220199946403056401e+00
7.200000000000000178e+00 2.204908125411009223e+00
7.300000000000000711e+00 2.189991858399764624e+00
7.400000000000000355e+00 2.175441821010792864e+00
7.500000000000000000e+00 2.161248819827221723e+00
7.600000000000000533e+00 2.147403783622792162e+00
7.700000000000000178e+00 2.133897787796001921e+00
7.800000000000000711e+00 2.120722063544633329e+00
7.900000000000000355e+00 2.107867986275380190e+00
8.000000000000000000e+00 2.095327123423373905e+00
8.099999999999999645e+00 2.083091181857810170e+00
8.200000000000001066e+00 2.071152073675364136e+00
8.300000000000000711e+00 2.059501855980272467e+00
8.400000000000000355e+00 2.048132792576495831e+00
8.500000000000000000e+00 2.037037310979883387e+00
8.599999999999999645e+00 2.026208027216114260e+00
8.700000000000001066e+00 2.015637724743157833e+00
8.800000000000000711e+00 2.005319379058789764e+00
8.900000000000000355e+00 1.995246139760809001e+00
9.000000000000000000e+00 1.985411333147624191e+00
9.099999999999999645e+00 1.975808460325367832e+00
9.200000000000001066e+00 1.966431190415107721e+00
9.300000000000000711e+00 1.957273380848789657e+00
9.400000000000000355e+00 1.948329024450856650e+00
9.500000000000000000e+00 1.939592315356719610e+00
9.600000000000001421e+00 1.931057576651085128e+00
9.700000000000001066e+00 1.922719303472320007e+00
9.800000000000000711e+00 1.914572160417549185e+00
9.900000000000000355e+00 1.906610930045360419e+00
1.000000000000000000e+01 1.898830576833177020e+00
1.010000000000000142e+01 1.891226190601003054e+00
1.020000000000000107e+01 1.883793007213796500e+00
1.030000000000000071e+01 1.876526400234013181e+00
1.040000000000000036e+01 1.869421882527433354e+00
1.050000000000000000e+01 1.862475082434400520e+00
1.060000000000000142e+01 1.855681770753392357e+00
1.070000000000000107e+01 1.849037837057210254e+00
1.080000000000000071e+01 1.842539291355649311e+00
1.090000000000000036e+01 1.836182260750263140e+00
1.100000000000000000e+01 1.829962980805532879e+00
1.110000000000000142e+01 1.823877818931407546e+00
1.120000000000000107e+01 1.817923212580296877e+00
1.130000000000000071e+01 1.812095746306852106e+00
1.140000000000000036e+01 1.806392068179718535e+00
1.150000000000000000e+01 1.800808946030940660e+00
1.160000000000000142e+01 1.795343232045354398e+00
1.170000000000000107e+01 1.789991892950126839e+00
1.180000000000000071e+01 1.784751946321705418e+00
1.190000000000000036e+01 1.779620535536707848e+00
1.200000000000000000e+01 1.774594865985079650e+00
1.210000000000000142e+01 1.769672236007124866e+00
1.220000000000000107e+01 1.764850000380135953e+00
1.230000000000000071e+01 1.760125624763020369e+00
1.240000000000000036e+01 1.755496626445562924e+00
1.250000000000000000e+01 1.750960606300111522e+00
1.260000000000000142e+01 1.746515217648436646e+00
1.270000000000000107e+01 1.742158198858589913e+00
1.280000000000000071e+01 1.737887348097899576e+00
1.290000000000000036e+01 1.733700527061898811e+00
1.300000000000000000e+01 1.729595653056037463e+00
1.310000000000000142e+01 1.725570726792113874e+00
1.320000000000000107e+01 1.721623771099700662e+00
1.330000000000000071e+01 1.717752888542634082e+00
1.340000000000000036e+01 1.713956229970392542e+00
1.350000000000000000e+01 1.710231992693422853e+00
1.360000000000000142e+01 1.706578443101136600e+00
1.370000000000000107e+01 1.702993878733138899e+00
1.380000000000000071e+01 1.699476657078946573e+00
1.390000000000000036e+01 1.696025157353631130e+00
1.400000000000000000e+01 1.692637846652189637e+00
1.410000000000000142e+01 1.689313192422048360e+00
1.420000000000000107e+01 1.686049728867544673e+00
1.430000000000000071e+01 1.682846024839079746e+00
1.440000000000000036e+01 1.679700688727336910e+00
1.450000000000000000e+01 1.676612367235463807e+00
1.460000000000000142e+01 1.673579737901320641e+00
1.470000000000000107e+01 1.670601539517235778e+00
1.480000000000000071e+01 1.667676507874205072e+00
1.490000000000000036e+01 1.664803437849116108e+00
1.500000000000000000e+01 1.661981144401636357e+00
1.510000000000000142e+01 1.659208493440189613e+00
1.520000000000000107e+01 1.656484362557364420e+00
1.530000000000000071e+01 1.653807672049367739e+00
1.540000000000000036e+01 1.651177351861576881e+00
1.550000000000000000e+01 1.648592379363833516e+00
1.560000000000000142e+01 1.646051752744881469e+00
1.570000000000000107e+01 1.643554490117082878e+00
1.580000000000000071e+01 1.641099654780475703e+00
1.590000000000000036e+01 1.638686315384063619e+00
1.600000000000000000e+01 1.636313577797920971e+00
1.610000000000000142e+01 1.633980551598313014e+00
1.619999999999999929e+01 1.631686382170016714e+00
1.630000000000000071e+01 1.629430250194729979e+00
1.640000000000000213e+01 1.627211337977030325e+00
1.650000000000000000e+01 1.625028855174548426e+00
1.660000000000000142e+01 1.622882031612959963e+00
1.669999999999999929e+01 1.620770123379600136e+00
1.680000000000000071e+01 1.618692385524411748e+00
1.690000000000000213e+01 1.616648111571805657e+00
1.700000000000000000e+01 1.614636599570928865e+00
1.710000000000000142e+01 1.612657185138743898e+00
1.719999999999999929e+01 1.610709200640769723e+00
1.730000000000000071e+01 1.608792001563585927e+00
1.740000000000000213e+01 1.606904966128297474e+00
1.750000000000000000e+01 1.605047467712950038e+00
1.760000000000000142e+01 1.603218915066406680e+00
1.769999999999999929e+01 1.601418717972080685e+00
1.780000000000000071e+01 1.599646320879344330e+00
1.790000000000000213e+01 1.597901168459259225e+00
1.800000000000000000e+01 1.596182698217774032e+00
1.810000000000000142e+01 1.594490408682247562e+00
1.819999999999999929e+01 1.592823763060380315e+00
1.830000000000000071e+01 1.591182257443790604e+00
1.840000000000000213e+01 1.589565420646010807e+00
1.850000000000000000e+01 1.587972744833621164e+00
1.860000000000000142e+01 1.586403788790846647e+00
1.869999999999999929e+01 1.584858066972572033e+00
1.880000000000000071e+01 1.583335160007948161e+00
1.890000000000000213e+01 1.581834603435083864e+00
1.900000000000000000e+01 1.580355991588078268e+00
1.910000000000000142e+01 1.578898907870041057e+00
1.920000000000000284e+01 1.577462924289818602e+00
1.930000000000000071e+01 1.576047671152025487e+00
1.940000000000000213e+01 1.574652738902670990e+00
1.950000000000000000e+01 1.573277747816348437e+00
1.960000000000000142e+01 1.571922340876596991e+00
1.970000000000000284e+01 1.570586155442299514e+00
1.980000000000000071e+01 1.569268822940728114e+00
1.990000000000000213e+01 1.567969996820295364e+00
2.000000000000000000e+01 1.566689359516715285e+00
2.010000000000000142e+01 1.565426558609317453e+00
2.020000000000000284e+01 1.564181270215669883e+00
2.030000000000000071e+01 1.562953191823623911e+00
2.040000000000000213e+01 1.561742006636279712e+00
2.050000000000000000e+01 1.560547411740742518e+00
2.060000000000000142e+01 1.559369110857744545e+00
2.070000000000000284e+01 1.558206821296437283e+00
2.080000000000000071e+01 1.557060238103247229e+00
2.090000000000000213e+01 1.555929112460319175e+00
2.100000000000000000e+01 1.554813144325351004e+00
2.110000000000000142e+01 1.553712096755077710e+00
2.120000000000000284e+01 1.552625688334785536e+00
2.130000000000000071e+01 1.551553671852445859e+00
2.140000000000000213e+01 1.550495798336726239e+00
2.150000000000000000e+01 1.549451824074310480e+00
2.160000000000000142e+01 1.548421510490527453e+00
2.170000000000000284e+01 1.547404624021453401e+00
2.180000000000000071e+01 1.546400935988856418e+00
2.190000000000000213e+01 1.545410222477983098e+00
2.200000000000000000e+01 1.544432264223871698e+00
2.210000000000000142e+01 1.543466839247287226e+00
2.220000000000000284e+01 1.542513759001451490e+00
2.230000000000000071e+01 1.541572788478617895e+00
2.240000000000000213e+01 1.540643747689784959e+00
2.250000000000000000e+01 1.539726439001753988e+00
2.260000000000000142e+01 1.538820654216976891e+00
2.270000000000000284e+01 1.537926210893658663e+00
2.280000000000000071e+01 1.537042923133924432e+00
2.290000000000000213e+01 1.536170608777354119e+00
2.300000000000000000e+01 1.535309081999969294e+00
2.310000000000000142e+01 1.534458182474907062e+00
2.320000000000000284e+01 1.533617738748205284e+00
2.330000000000000071e+01 1.532787568093851860e+00
2.340000000000000213e+01 1.531967513075471743e+00
2.350000000000000000e+01 1.531157404828320523e+00
2.360000000000000142e+01 1.530357099686341371e+00
2.370000000000000284e+01 1.529566442410157379e+00
2.380000000000000071e+01 1.528785258683740267e+00
2.390000000000000213e+01 1.528013421294360796e+00
2.400000000000000000e+01 1.527250783858846717e+00
2.410000000000000142e+01 1.526497188048381304e+00
2.420000000000000284e+01 1.525752493016341305e+00
2.430000000000000071e+01 1.525016582796467901e+00
2.440000000000000213e+01 1.524289292312630550e+00
2.450000000000000000e+01 1.523570510828164970e+00
2.460000000000000142e+01 1.522860107938583951e+00
2.470000000000000284e+01 1.522157940873114512e+00
2.480000000000000071e+01 1.521463884067486561e+00
2.490000000000000213e+01 1.520777829163932893e+00
2.500000000000000000e+01 1.520099655273554617e+00
2.510000000000000142e+01 1.519429221453094669e+00
2.520000000000000284e+01 1.518766433547114048e+00
2.530000000000000071e+01 1.518111177274761303e+00
2.540000000000000213e+01 1.517463325545520547e+00
2.550000000000000000e+01 1.516822775668913437e+00
2.560000000000000142e+01 1.516189419525915127e+00
2.570000000000000284e+01 1.515563143492215659e+00
2.580000000000000071e+01 1.514943865753082264e+00
2.590000000000000213e+01 1.514331461565632253e+00
2.600000000000000000e+01 1.513725837908452831e+00
2.610000000000000142e+01 1.513126888615090593e+00
2.620000000000000284e+01 1.512534539232035513e+00
2.630000000000000071e+01 1.511948664618500970e+00
2.640000000000000213e+01 1.511369193765688124e+00
2.650000000000000000e+01 1.510796027351091197e+00
2.660000000000000142e+01 1.510229082684588775e+00
2.670000000000000284e+01 1.509668256132101760e+00
2.680000000000000071e+01 1.509113460629407655e+00
2.690000000000000213e+01 1.508564625676456217e+00
2.700000000000000000e+01 1.508021667250147857e+00
2.710000000000000142e+01 1.507484480190157683e+00
2.720000000000000284e+01 1.506953005939237755e+00
2.730000000000000071e+01 1.506427164768808780e+00
2.740000000000000213e+01 1.505906863239658833e+00
2.750000000000000000e+01 1.505392024314744503e+00
2.760000000000000142e+01 1.504882587390454773e+00
2.770000000000000284e+01 1.504378470515632671e+00
2.780000000000000071e+01 1.503879608104341514e+00
2.790000000000000213e+01 1.503385905577658832e+00
2.800000000000000000e+01 1.502897314931317396e+00
2.810000000000000142e+01 1.502413759108378599e+00
2.820000000000000284e+01 1.501935169780210799e+00
2.830000000000000071e+01 1.501461479769261587e+00
2.840000000000000213e+01 1.500992630595021637e+00
2.850000000000000000e+01 1.500528542133849896e+00
2.860000000000000142e+01 1.500069158082339982e+00
2.870000000000000284e+01 1.499614415614303198e+00
2.880000000000000071e+01 1.499164252938101072e+00
2.890000000000000213e+01 1.498718601673942885e+00
2.900000000000000000e+01 1.498277424853711182e+00
2.910000000000000142e+01 1.497840633255975717e+00
2.920000000000000284e+01 1.497408191850979620e+00
2.930000000000000071e+01 1.496980036132811165e+00
2.940000000000000213e+01 1.496556110110702775e+00
2.950000000000000000e+01 1.496136366328926215e+00
2.960000000000000142e+01 1.495720735350403174e+00
2.970000000000000284e+01 1.495309171470182719e+00
2.980000000000000071e+01 1.494901622210420555e+00
2.990000000000000213e+01 1.494498035940239333e+00
3.000000000000000000e+01 1.494098354201867096e+00
