2.000000000000000111e-01 0.000000000000000000e+00 1.565574660351651617e-02
2.000000000000000111e-01 5.000000000000000278e-02 1.677896295760702289e-02
2.000000000000000111e-01 1.000000000000000056e-01 1.791426958840522041e-02
2.000000000000000111e-01 1.500000000000000222e-01 1.906526552303112673e-02
2.000000000000000111e-01 2.000000000000000111e-01 2.022352159299204560e-02
2.000000000000000111e-01 2.500000000000000000e-01 2.139795821936064935e-02
2.000000000000000111e-01 3.000000000000000444e-01 2.258062442355917784e-02
2.000000000000000111e-01 3.500000000000000333e-01 2.377478559196691266e-02
2.000000000000000111e-01 4.000000000000000222e-01 2.498962527894207572e-02
2.000000000000000111e-01 4.500000000000000111e-01 2.619938100225403105e-02
2.000000000000000111e-01 5.000000000000000000e-01 2.743757342723113224e-02
2.000000000000000111e-01 5.500000000000000444e-01 2.868117826536170298e-02
2.000000000000000111e-01 6.000000000000000888e-01 2.992441749967425166e-02
2.000000000000000111e-01 6.500000000000000222e-01 3.120117901352136014e-02
2.000000000000000111e-01 7.000000000000000666e-01 3.247925289429469398e-02
2.000000000000000111e-01 7.500000000000000000e-01 3.376613925455469040e-02
2.000000000000000111e-01 8.000000000000000444e-01 3.507114835867789632e-02
2.000000000000000111e-01 8.500000000000000888e-01 3.638214115237365515e-02
2.000000000000000111e-01 9.000000000000000222e-01 3.770053952031426903e-02
2.000000000000000111e-01 9.500000000000000666e-01 3.904887261306357049e-02
2.050000000000000155e-01 0.000000000000000000e+00 1.600811736410493943e-02
2.050000000000000155e-01 5.000000000000000278e-02 1.715927017575842942e-02
2.050000000000000155e-01 1.000000000000000056e-01 1.832920161105121987e-02
2.050000000000000155e-01 1.500000000000000222e-01 1.950236196609262188e-02
2.050000000000000155e-01 2.000000000000000111e-01 2.069432609905358031e-02
2.050000000000000155e-01 2.500000000000000000e-01 2.190346603878726844e-02
2.050000000000000155e-01 3.000000000000000444e-01 2.311730011972682255e-02
2.050000000000000155e-01 3.500000000000000333e-01 2.435160545355150030e-02
2.050000000000000155e-01 4.000000000000000222e-01 2.558542455423506307e-02
2.050000000000000155e-01 4.500000000000000111e-01 2.684274830246837981e-02
2.050000000000000155e-01 5.000000000000000000e-01 2.811662099333508621e-02
2.050000000000000155e-01 5.500000000000000444e-01 2.938345787069353288e-02
2.050000000000000155e-01 6.000000000000000888e-01 3.068309508246949702e-02
2.050000000000000155e-01 6.500000000000000222e-01 3.199292843643607859e-02
2.050000000000000155e-01 7.000000000000000666e-01 3.329940255781005387e-02
2.050000000000000155e-01 7.500000000000000000e-01 3.463817034755655583e-02
2.050000000000000155e-01 8.000000000000000444e-01 3.597696322429012883e-02
2.050000000000000155e-01 8.500000000000000888e-01 3.733060166057702856e-02
2.050000000000000155e-01 9.000000000000000222e-01 3.869601261575646850e-02
2.050000000000000155e-01 9.500000000000000666e-01 4.007619089610529872e-02
2.100000000000000200e-01 0.000000000000000000e+00 1.632816792649403534e-02
2.100000000000000200e-01 5.000000000000000278e-02 1.751106777277023838e-02
2.100000000000000200e-01 1.000000000000000056e-01 1.870851485379150872e-02
2.100000000000000200e-01 1.500000000000000222e-01 1.991893981744920564e-02
2.100000000000000200e-01 2.000000000000000111e-01 2.113689562205764774e-02
2.100000000000000200e-01 2.500000000000000000e-01 2.237527618718490249e-02
2.100000000000000200e-01 3.000000000000000444e-01 2.361902020973380076e-02
2.100000000000000200e-01 3.500000000000000333e-01 2.488422543228301434e-02
2.100000000000000200e-01 4.000000000000000222e-01 2.616286519447132836e-02
2.100000000000000200e-01 4.500000000000000111e-01 2.744661724435113262e-02
2.100000000000000200e-01 5.000000000000000000e-01 2.874843722090383510e-02
2.100000000000000200e-01 5.500000000000000444e-01 3.005350767689559527e-02
2.100000000000000200e-01 6.000000000000000888e-01 3.138702531816321695e-02
2.100000000000000200e-01 6.500000000000000222e-01 3.273529969578591048e-02
2.100000000000000200e-01 7.000000000000000666e-01 3.408463157044085839e-02
2.100000000000000200e-01 7.500000000000000000e-01 3.545257292880656108e-02
2.100000000000000200e-01 8.000000000000000444e-01 3.682616800019380271e-02
2.100000000000000200e-01 8.500000000000000888e-01 3.822590927331468574e-02
2.100000000000000200e-01 9.000000000000000222e-01 3.964171031229980074e-02
2.100000000000000200e-01 9.500000000000000666e-01 4.104424286944258204e-02
2.150000000000000244e-01 0.000000000000000000e+00 1.662819520540557636e-02
2.150000000000000244e-01 5.000000000000000278e-02 1.783645200378816340e-02
2.150000000000000244e-01 1.000000000000000056e-01 1.905863370633898921e-02
2.150000000000000244e-01 1.500000000000000222e-01 2.029643895396066391e-02
2.150000000000000244e-01 2.000000000000000111e-01 2.154512502552494504e-02
2.150000000000000244e-01 2.500000000000000000e-01 2.280589000579578973e-02
2.150000000000000244e-01 3.000000000000000444e-01 2.409479325074478928e-02
2.150000000000000244e-01 3.500000000000000333e-01 2.538098547067407784e-02
2.150000000000000244e-01 4.000000000000000222e-01 2.669017794699979351e-02
2.150000000000000244e-01 4.500000000000000111e-01 2.800476347951432951e-02
2.150000000000000244e-01 5.000000000000000000e-01 2.934139820230510093e-02
2.150000000000000244e-01 5.500000000000000444e-01 3.069405039621556780e-02
2.150000000000000244e-01 6.000000000000000888e-01 3.204919437377749813e-02
2.150000000000000244e-01 6.500000000000000222e-01 3.343041529797704386e-02
2.150000000000000244e-01 7.000000000000000666e-01 3.481438990279442369e-02
2.150000000000000244e-01 7.500000000000000000e-01 3.622325104867216844e-02
2.150000000000000244e-01 8.000000000000000444e-01 3.764807153923620947e-02
2.150000000000000244e-01 8.500000000000000888e-01 3.907290261931392616e-02
2.150000000000000244e-01 9.000000000000000222e-01 4.052631513527253648e-02
2.150000000000000244e-01 9.500000000000000666e-01 4.198233301596921568e-02
2.200000000000000289e-01 0.000000000000000000e+00 1.690099749241187957e-02
2.200000000000000289e-01 5.000000000000000278e-02 1.813458600152861172e-02
2.200000000000000289e-01 1.000000000000000056e-01 1.937971914724368264e-02
2.200000000000000289e-01 1.500000000000000222e-01 2.064947805362288627e-02
2.200000000000000289e-01 2.000000000000000111e-01 2.192628947203135656e-02
2.200000000000000289e-01 2.500000000000000000e-01 2.321981280191871833e-02
2.200000000000000289e-01 3.000000000000000444e-01 2.452700291089918161e-02
2.200000000000000289e-01 3.500000000000000333e-01 2.585080223530101390e-02
2.200000000000000289e-01 4.000000000000000222e-01 2.717920872117784298e-02
2.200000000000000289e-01 4.500000000000000111e-01 2.854239014413260250e-02
2.200000000000000289e-01 5.000000000000000000e-01 2.990836537198360984e-02
2.200000000000000289e-01 5.500000000000000444e-01 3.128288515304575995e-02
2.200000000000000289e-01 6.000000000000000888e-01 3.269364113262146487e-02
2.200000000000000289e-01 6.500000000000000222e-01 3.409535362432010441e-02
2.200000000000000289e-01 7.000000000000000666e-01 3.552400745166546525e-02
2.200000000000000289e-01 7.500000000000000000e-01 3.695558085331049347e-02
2.200000000000000289e-01 8.000000000000000444e-01 3.841271538839741151e-02
2.200000000000000289e-01 8.500000000000000888e-01 3.989835397543736728e-02
2.200000000000000289e-01 9.000000000000000222e-01 4.137513775346653849e-02
2.200000000000000289e-01 9.500000000000000666e-01 4.287979096334694484e-02
2.250000000000000333e-01 0.000000000000000000e+00 1.714868948266133272e-02
2.250000000000000333e-01 5.000000000000000278e-02 1.840105726066191411e-02
2.250000000000000333e-01 1.000000000000000056e-01 1.967482497989749696e-02
2.250000000000000333e-01 1.500000000000000222e-01 2.096173911236712262e-02
2.250000000000000333e-01 2.000000000000000111e-01 2.227080862761247892e-02
2.250000000000000333e-01 2.500000000000000000e-01 2.359445371040299472e-02
2.250000000000000333e-01 3.000000000000000444e-01 2.493155688395318204e-02
2.250000000000000333e-01 3.500000000000000333e-01 2.628208412739770766e-02
2.250000000000000333e-01 4.000000000000000222e-01 2.764795020026744252e-02
2.250000000000000333e-01 4.500000000000000111e-01 2.904024012213638622e-02
2.250000000000000333e-01 5.000000000000000000e-01 3.042710399800882537e-02
2.250000000000000333e-01 5.500000000000000444e-01 3.185241382899751950e-02
2.250000000000000333e-01 6.000000000000000888e-01 3.326980025536262209e-02
2.250000000000000333e-01 6.500000000000000222e-01 3.472716321356240227e-02
2.250000000000000333e-01 7.000000000000000666e-01 3.618110091579570392e-02
2.250000000000000333e-01 7.500000000000000000e-01 3.766167100246742283e-02
2.250000000000000333e-01 8.000000000000000444e-01 3.915825157454931593e-02
2.250000000000000333e-01 8.500000000000000888e-01 4.065098590159469533e-02
2.250000000000000333e-01 9.000000000000000222e-01 4.218059807144970003e-02
2.250000000000000333e-01 9.500000000000000666e-01 4.371445723292951419e-02
2.300000000000000377e-01 0.000000000000000000e+00 1.736079570347836415e-02
2.300000000000000377e-01 5.000000000000000278e-02 1.864108171286760901e-02
2.300000000000000377e-01 1.000000000000000056e-01 1.993580740795636297e-02
2.300000000000000377e-01 1.500000000000000222e-01 2.125717927100093455e-02
2.300000000000000377e-01 2.000000000000000111e-01 2.258389372971995532e-02
2.300000000000000377e-01 2.500000000000000000e-01 2.393546440724492880e-02
2.300000000000000377e-01 3.000000000000000444e-01 2.529444016868689221e-02
2.300000000000000377e-01 3.500000000000000333e-01 2.668053647034773421e-02
2.300000000000000377e-01 4.000000000000000222e-01 2.807291424287197690e-02
2.300000000000000377e-01 4.500000000000000111e-01 2.949325678306932014e-02
2.300000000000000377e-01 5.000000000000000000e-01 3.091681803774553455e-02
2.300000000000000377e-01 5.500000000000000444e-01 3.236174465387572224e-02
2.300000000000000377e-01 6.000000000000000888e-01 3.382070898051042079e-02
2.300000000000000377e-01 6.500000000000000222e-01 3.530943648937365231e-02
2.300000000000000377e-01 7.000000000000000666e-01 3.679031696119598738e-02
2.300000000000000377e-01 7.500000000000000000e-01 3.830985736882707576e-02
2.300000000000000377e-01 8.000000000000000444e-01 3.983740154717690246e-02
2.300000000000000377e-01 8.500000000000000888e-01 4.137547615524476974e-02
2.300000000000000377e-01 9.000000000000000222e-01 4.294944211934109690e-02
2.300000000000000377e-01 9.500000000000000666e-01 4.450635482944565596e-02
2.350000000000000422e-01 0.000000000000000000e+00 1.753288998106269925e-02
2.350000000000000422e-01 5.000000000000000278e-02 1.883936923464877775e-02
2.350000000000000422e-01 1.000000000000000056e-01 2.015867091010205628e-02
2.350000000000000422e-01 1.500000000000000222e-01 2.149591208701494630e-02
2.350000000000000422e-01 2.000000000000000111e-01 2.285163785902844316e-02
2.350000000000000422e-01 2.500000000000000000e-01 2.422593058407982239e-02
2.350000000000000422e-01 3.000000000000000444e-01 2.560837530762915745e-02
2.350000000000000422e-01 3.500000000000000333e-01 2.702857253052305675e-02
2.350000000000000422e-01 4.000000000000000222e-01 2.844708539052002300e-02
2.350000000000000422e-01 4.500000000000000111e-01 2.989333242948293348e-02
2.350000000000000422e-01 5.000000000000000000e-01 3.134610007187621505e-02
2.350000000000000422e-01 5.500000000000000444e-01 3.282804412730078170e-02
2.350000000000000422e-01 6.000000000000000888e-01 3.431569605382812915e-02
2.350000000000000422e-01 6.500000000000000222e-01 3.583315623779795983e-02
2.350000000000000422e-01 7.000000000000000666e-01 3.735608949053607214e-02
2.350000000000000422e-01 7.500000000000000000e-01 3.890846216829056681e-02
2.350000000000000422e-01 8.000000000000000444e-01 4.047149354948284539e-02
2.350000000000000422e-01 8.500000000000000888e-01 4.205309027799624538e-02
2.350000000000000422e-01 9.000000000000000222e-01 4.364367770993377027e-02
2.350000000000000422e-01 9.500000000000000666e-01 4.525055453826272445e-02
2.400000000000000466e-01 0.000000000000000000e+00 1.767098920953974819e-02
2.400000000000000466e-01 5.000000000000000278e-02 1.899462314154506948e-02
2.400000000000000466e-01 1.000000000000000056e-01 2.033372721110824830e-02
2.400000000000000466e-01 1.500000000000000222e-01 2.169119984442112806e-02
2.400000000000000466e-01 2.000000000000000111e-01 2.307503659375114910e-02
2.400000000000000466e-01 2.500000000000000000e-01 2.446132496219169741e-02
2.400000000000000466e-01 3.000000000000000444e-01 2.588559635361130373e-02
2.400000000000000466e-01 3.500000000000000333e-01 2.731893386008649519e-02
2.400000000000000466e-01 4.000000000000000222e-01 2.877171151301635352e-02
2.400000000000000466e-01 4.500000000000000111e-01 3.024307126115541311e-02
2.400000000000000466e-01 5.000000000000000000e-01 3.173370307522437733e-02
2.400000000000000466e-01 5.500000000000000444e-01 3.323701103602671320e-02
2.400000000000000466e-01 6.000000000000000888e-01 3.477114395710464989e-02
2.400000000000000466e-01 6.500000000000000222e-01 3.630333993609928533e-02
2.400000000000000466e-01 7.000000000000000666e-01 3.786833137471734556e-02
2.400000000000000466e-01 7.500000000000000000e-01 3.943615466447877166e-02
2.400000000000000466e-01 8.000000000000000444e-01 4.104988871463506606e-02
2.400000000000000466e-01 8.500000000000000888e-01 4.265701663703564545e-02
2.400000000000000466e-01 9.000000000000000222e-01 4.429579868122921621e-02
2.400000000000000466e-01 9.500000000000000666e-01 4.593023503966924687e-02
2.450000000000000511e-01 0.000000000000000000e+00 1.774910013009458470e-02
2.450000000000000511e-01 5.000000000000000278e-02 1.908972206709774050e-02
2.450000000000000511e-01 1.000000000000000056e-01 2.045038576010058465e-02
2.450000000000000511e-01 1.500000000000000222e-01 2.183192059849170530e-02
2.450000000000000511e-01 2.000000000000000111e-01 2.323672486441579269e-02
2.450000000000000511e-01 2.500000000000000000e-01 2.465131816610410462e-02
2.450000000000000511e-01 3.000000000000000444e-01 2.609125049567715543e-02
2.450000000000000511e-01 3.500000000000000333e-01 2.755163323642512846e-02
2.450000000000000511e-01 4.000000000000000222e-01 2.902703571230322299e-02
2.450000000000000511e-01 4.500000000000000111e-01 3.053293022688230787e-02
2.450000000000000511e-01 5.000000000000000000e-01 3.203485492554407343e-02
2.450000000000000511e-01 5.500000000000000444e-01 3.358212307560595744e-02
2.450000000000000511e-01 6.000000000000000888e-01 3.513575351769412936e-02
2.450000000000000511e-01 6.500000000000000222e-01 3.670885505721015185e-02
2.450000000000000511e-01 7.000000000000000666e-01 3.830140740069809535e-02
2.450000000000000511e-01 7.500000000000000000e-01 3.991320774313047992e-02
2.450000000000000511e-01 8.000000000000000444e-01 4.154364316297164128e-02
2.450000000000000511e-01 8.500000000000000888e-01 4.319475257939301566e-02
2.450000000000000511e-01 9.000000000000000222e-01 4.484567425035539123e-02
2.450000000000000511e-01 9.500000000000000666e-01 4.653375455289902873e-02
2.500000000000000555e-01 0.000000000000000000e+00 1.777048091798359708e-02
2.500000000000000555e-01 5.000000000000000278e-02 1.912581618557713733e-02
2.500000000000000555e-01 1.000000000000000056e-01 2.050486630124644105e-02
2.500000000000000555e-01 1.500000000000000222e-01 2.189474993948319070e-02
2.500000000000000555e-01 2.000000000000000111e-01 2.332396641582056354e-02
2.500000000000000555e-01 2.500000000000000000e-01 2.476348760974921362e-02
2.500000000000000555e-01 3.000000000000000444e-01 2.621939401055723567e-02
2.500000000000000555e-01 3.500000000000000333e-01 2.770337031705929001e-02
2.500000000000000555e-01 4.000000000000000222e-01 2.921012218991174761e-02
2.500000000000000555e-01 4.500000000000000111e-01 3.073900059682533117e-02
2.500000000000000555e-01 5.000000000000000000e-01 3.227542380455807047e-02
2.500000000000000555e-01 5.500000000000000444e-01 3.384527735292034573e-02
2.500000000000000555e-01 6.000000000000000888e-01 3.542421618450138782e-02
2.500000000000000555e-01 6.500000000000000222e-01 3.702351498410209191e-02
2.500000000000000555e-01 7.000000000000000666e-01 3.865602218283164387e-02
2.500000000000000555e-01 7.500000000000000000e-01 4.029248718091733156e-02
2.500000000000000555e-01 8.000000000000000444e-01 4.195266766330105201e-02
2.500000000000000555e-01 8.500000000000000888e-01 4.363104100690824022e-02
2.500000000000000555e-01 9.000000000000000222e-01 4.532848663537817485e-02
2.500000000000000555e-01 9.500000000000000666e-01 4.704611728272545951e-02
2.550000000000000600e-01 0.000000000000000000e+00 1.771446327592612544e-02
2.550000000000000600e-01 5.000000000000000278e-02 1.907774949061013040e-02
2.550000000000000600e-01 1.000000000000000056e-01 2.047104459936830920e-02
2.550000000000000600e-01 1.500000000000000222e-01 2.188786343321757338e-02
2.550000000000000600e-01 2.000000000000000111e-01 2.332382418926183185e-02
2.550000000000000600e-01 2.500000000000000000e-01 2.477993237293954834e-02
2.550000000000000600e-01 3.000000000000000444e-01 2.627046873434406293e-02
2.550000000000000600e-01 3.500000000000000333e-01 2.777291214486361445e-02
2.550000000000000600e-01 4.000000000000000222e-01 2.929821416436009102e-02
2.550000000000000600e-01 4.500000000000000111e-01 3.084566795233637318e-02
2.550000000000000600e-01 5.000000000000000000e-01 3.241582165536004145e-02
2.550000000000000600e-01 5.500000000000000444e-01 3.400507246852569471e-02
2.550000000000000600e-01 6.000000000000000888e-01 3.562263772778707233e-02
2.550000000000000600e-01 6.500000000000000222e-01 3.724425826652989768e-02
2.550000000000000600e-01 7.000000000000000666e-01 3.890172166337035192e-02
2.550000000000000600e-01 7.500000000000000000e-01 4.056430473220400124e-02
2.550000000000000600e-01 8.000000000000000444e-01 4.226549868295496892e-02
2.550000000000000600e-01 8.500000000000000888e-01 4.396952361307704393e-02
2.550000000000000600e-01 9.000000000000000222e-01 4.571292822299273528e-02
2.550000000000000600e-01 9.500000000000000666e-01 4.745880085136373883e-02
2.600000000000000644e-01 0.000000000000000000e+00 1.755360743780192898e-02
2.600000000000000644e-01 5.000000000000000278e-02 1.893535310998772231e-02
2.600000000000000644e-01 1.000000000000000056e-01 2.033984611385209959e-02
2.600000000000000644e-01 1.500000000000000222e-01 2.176754525847053590e-02
2.600000000000000644e-01 2.000000000000000111e-01 2.322149366414402380e-02
2.600000000000000644e-01 2.500000000000000000e-01 2.470930299008438150e-02
2.600000000000000644e-01 3.000000000000000444e-01 2.620364096248097019e-02
2.600000000000000644e-01 3.500000000000000333e-01 2.772339278986443722e-02
2.600000000000000644e-01 4.000000000000000222e-01 2.928655487265324764e-02
2.600000000000000644e-01 4.500000000000000111e-01 3.085154733253324053e-02
2.600000000000000644e-01 5.000000000000000000e-01 3.244040149851824817e-02
2.600000000000000644e-01 5.500000000000000444e-01 3.406612141751112766e-02
2.600000000000000644e-01 6.000000000000000888e-01 3.570007012914767908e-02
2.600000000000000644e-01 6.500000000000000222e-01 3.735049970304641503e-02
2.600000000000000644e-01 7.000000000000000666e-01 3.903917901905790827e-02
2.600000000000000644e-01 7.500000000000000000e-01 4.072440463595948523e-02
2.600000000000000644e-01 8.000000000000000444e-01 4.246761265028230897e-02
2.600000000000000644e-01 8.500000000000000888e-01 4.419596400361287813e-02
2.600000000000000644e-01 9.000000000000000222e-01 4.596364149060835902e-02
2.600000000000000644e-01 9.500000000000000666e-01 4.774126287137066965e-02
2.650000000000000688e-01 0.000000000000000000e+00 1.727164724136698998e-02
2.650000000000000688e-01 5.000000000000000278e-02 1.867040007785990621e-02
2.650000000000000688e-01 1.000000000000000056e-01 2.008946617612192287e-02
2.650000000000000688e-01 1.500000000000000222e-01 2.152428575705282038e-02
2.650000000000000688e-01 2.000000000000000111e-01 2.299593507857100941e-02
2.650000000000000688e-01 2.500000000000000000e-01 2.448485174453544216e-02
2.650000000000000688e-01 3.000000000000000444e-01 2.602183222382368349e-02
2.650000000000000688e-01 3.500000000000000333e-01 2.756382580649549552e-02
2.650000000000000688e-01 4.000000000000000222e-01 2.913030282838651244e-02
2.650000000000000688e-01 4.500000000000000111e-01 3.072464380489239866e-02
2.650000000000000688e-01 5.000000000000000000e-01 3.234377906402049335e-02
2.650000000000000688e-01 5.500000000000000444e-01 3.397211404893334813e-02
2.650000000000000688e-01 6.000000000000000888e-01 3.565187246942931598e-02
2.650000000000000688e-01 6.500000000000000222e-01 3.733376001510048392e-02
2.650000000000000688e-01 7.000000000000000666e-01 3.903424326705967617e-02
2.650000000000000688e-01 7.500000000000000000e-01 4.077613171698831612e-02
2.650000000000000688e-01 8.000000000000000444e-01 4.252256996301009145e-02
2.650000000000000688e-01 8.500000000000000888e-01 4.427432488478906525e-02
2.650000000000000688e-01 9.000000000000000222e-01 4.608673915881673216e-02
2.650000000000000688e-01 9.500000000000000666e-01 4.788681778913256304e-02
2.700000000000000733e-01 0.000000000000000000e+00 1.683735045155232077e-02
2.700000000000000733e-01 5.000000000000000278e-02 1.824043364362957012e-02
2.700000000000000733e-01 1.000000000000000056e-01 1.966665548188825316e-02
2.700000000000000733e-01 1.500000000000000222e-01 2.112399488036451056e-02
2.700000000000000733e-01 2.000000000000000111e-01 2.261224009836711180e-02
2.700000000000000733e-01 2.500000000000000000e-01 2.412216429885185101e-02
2.700000000000000733e-01 3.000000000000000444e-01 2.566645083554919271e-02
2.700000000000000733e-01 3.500000000000000333e-01 2.723094929273656151e-02
2.700000000000000733e-01 4.000000000000000222e-01 2.882350978615470100e-02
2.700000000000000733e-01 4.500000000000000111e-01 3.043017497253371756e-02
2.700000000000000733e-01 5.000000000000000000e-01 3.208379380495898076e-02
2.700000000000000733e-01 5.500000000000000444e-01 3.375062217214169769e-02
2.700000000000000733e-01 6.000000000000000888e-01 3.542714678309862031e-02
2.700000000000000733e-01 6.500000000000000222e-01 3.713672859655587494e-02
2.700000000000000733e-01 7.000000000000000666e-01 3.888495923995646808e-02
2.700000000000000733e-01 7.500000000000000000e-01 4.062762673282852705e-02
2.700000000000000733e-01 8.000000000000000444e-01 4.241575907394973949e-02
2.700000000000000733e-01 8.500000000000000888e-01 4.422458414061764681e-02
2.700000000000000733e-01 9.000000000000000222e-01 4.603901971137226018e-02
2.700000000000000733e-01 9.500000000000000666e-01 4.789239891813908134e-02
2.750000000000000777e-01 0.000000000000000000e+00 1.617387467717795041e-02
2.750000000000000777e-01 5.000000000000000278e-02 1.759254767947370651e-02
2.750000000000000777e-01 1.000000000000000056e-01 1.904107563153446467e-02
2.750000000000000777e-01 1.500000000000000222e-01 2.051382818519479137e-02
2.750000000000000777e-01 2.000000000000000111e-01 2.201841412220685926e-02
2.750000000000000777e-01 2.500000000000000000e-01 2.355554039937339875e-02
2.750000000000000777e-01 3.000000000000000444e-01 2.511233553018505857e-02
2.750000000000000777e-01 3.500000000000000333e-01 2.669965488031628489e-02
2.750000000000000777e-01 4.000000000000000222e-01 2.831742982250783081e-02
2.750000000000000777e-01 4.500000000000000111e-01 2.995558809378729218e-02
2.750000000000000777e-01 5.000000000000000000e-01 3.162616749810393674e-02
2.750000000000000777e-01 5.500000000000000444e-01 3.331578713198235508e-02
2.750000000000000777e-01 6.000000000000000888e-01 3.503317898794578583e-02
2.750000000000000777e-01 6.500000000000000222e-01 3.676101383090885077e-02
2.750000000000000777e-01 7.000000000000000666e-01 3.854854313480077233e-02
2.750000000000000777e-01 7.500000000000000000e-01 4.032981137420518780e-02
2.750000000000000777e-01 8.000000000000000444e-01 4.213309064116715213e-02
2.750000000000000777e-01 8.500000000000000888e-01 4.395452221450536767e-02
2.750000000000000777e-01 9.000000000000000222e-01 4.582292762083592375e-02
2.750000000000000777e-01 9.500000000000000666e-01 4.768113510422062468e-02
2.800000000000000822e-01 0.000000000000000000e+00 1.511524067553451749e-02
2.800000000000000822e-01 5.000000000000000278e-02 1.658107234159954257e-02
2.800000000000000822e-01 1.000000000000000056e-01 1.806043421407095909e-02
2.800000000000000822e-01 1.500000000000000222e-01 1.958219322988031738e-02
2.800000000000000822e-01 2.000000000000000111e-01 2.112229498286322463e-02
2.800000000000000822e-01 2.500000000000000000e-01 2.269520408834498071e-02
2.800000000000000822e-01 3.000000000000000444e-01 2.429029030690864344e-02
2.800000000000000822e-01 3.500000000000000333e-01 2.590472551026758857e-02
2.800000000000000822e-01 4.000000000000000222e-01 2.755510272462558322e-02
2.800000000000000822e-01 4.500000000000000111e-01 2.922720891346386463e-02
2.800000000000000822e-01 5.000000000000000000e-01 3.092060071260713944e-02
2.800000000000000822e-01 5.500000000000000444e-01 3.264114394455104595e-02
2.800000000000000822e-01 6.000000000000000888e-01 3.439276264360779933e-02
2.800000000000000822e-01 6.500000000000000222e-01 3.617171060461354254e-02
2.800000000000000822e-01 7.000000000000000666e-01 3.797501721882523551e-02
2.800000000000000822e-01 7.500000000000000000e-01 3.977886222274244071e-02
2.800000000000000822e-01 8.000000000000000444e-01 4.162319015761414137e-02
2.800000000000000822e-01 8.500000000000000888e-01 4.347547857358675244e-02
2.800000000000000822e-01 9.000000000000000222e-01 4.539150979555028192e-02
2.800000000000000822e-01 9.500000000000000666e-01 4.729331580281611463e-02
2.850000000000000866e-01 0.000000000000000000e+00 1.305173908158847353e-02
2.850000000000000866e-01 5.000000000000000278e-02 1.476855950588728573e-02
2.850000000000000866e-01 1.000000000000000056e-01 1.643105723361746109e-02
2.850000000000000866e-01 1.500000000000000222e-01 1.807200342830334386e-02
2.850000000000000866e-01 2.000000000000000111e-01 1.970731959308489809e-02
2.850000000000000866e-01 2.500000000000000000e-01 2.136734883826236012e-02
2.850000000000000866e-01 3.000000000000000444e-01 2.303401709149308779e-02
2.850000000000000866e-01 3.500000000000000333e-01 2.470721478968518001e-02
2.850000000000000866e-01 4.000000000000000222e-01 2.642245387805838147e-02
2.850000000000000866e-01 4.500000000000000111e-01 2.814286942776716288e-02
2.850000000000000866e-01 5.000000000000000000e-01 2.990149087081269558e-02
2.850000000000000866e-01 5.500000000000000444e-01 3.166668933130750707e-02
2.850000000000000866e-01 6.000000000000000888e-01 3.345820668172604095e-02
2.850000000000000866e-01 6.500000000000000222e-01 3.527877978893526750e-02
2.850000000000000866e-01 7.000000000000000666e-01 3.711030361125770838e-02
2.850000000000000866e-01 7.500000000000000000e-01 3.897000679076011165e-02
2.850000000000000866e-01 8.000000000000000444e-01 4.085462393452779506e-02
2.850000000000000866e-01 8.500000000000000888e-01 4.277029759368589090e-02
2.850000000000000866e-01 9.000000000000000222e-01 4.469052967918717839e-02
2.850000000000000866e-01 9.500000000000000666e-01 4.661710848753954084e-02
