0.000000000000000000e+00 3.179487182553000779e-02
1.000000000000000056e-01 3.179836249137046184e-02
2.000000000000000111e-01 3.181739407852103574e-02
3.000000000000000444e-01 3.185874906471530127e-02
4.000000000000000222e-01 3.189225276689240662e-02
5.000000000000000000e-01 3.193100021714268683e-02
6.000000000000000888e-01 3.198130120190659925e-02
7.000000000000000666e-01 3.203482526286448306e-02
8.000000000000000444e-01 3.206614261071460276e-02
9.000000000000000222e-01 3.208977501161234397e-02
1.000000000000000000e+00 3.210629847991321173e-02
1.100000000000000089e+00 3.211559828728097199e-02
1.200000000000000178e+00 3.210286373748216793e-02
1.300000000000000044e+00 3.205398731718651223e-02
1.400000000000000133e+00 3.199409081252426595e-02
1.500000000000000000e+00 3.192780198621520543e-02
1.600000000000000089e+00 3.183415080099483846e-02
1.700000000000000178e+00 3.172360377860678621e-02
1.800000000000000044e+00 3.159149892002528076e-02
1.900000000000000133e+00 3.145000756538385289e-02
2.000000000000000000e+00 3.129879271210249392e-02
2.100000000000000089e+00 3.112896884055552441e-02
2.200000000000000178e+00 3.095438048566189274e-02
2.300000000000000266e+00 3.076332771546420181e-02
2.400000000000000355e+00 3.056973741422520582e-02
2.500000000000000000e+00 3.036289332456008211e-02
2.600000000000000089e+00 3.014377465323526614e-02
2.700000000000000178e+00 2.992616455807595513e-02
2.800000000000000266e+00 2.972051788794486879e-02
2.900000000000000355e+00 2.949401603548383252e-02
3.000000000000000000e+00 2.925893029357960751e-02
3.100000000000000089e+00 2.904283295440261356e-02
3.200000000000000178e+00 2.881134449278265064e-02
3.300000000000000266e+00 2.858200911983539705e-02
3.400000000000000355e+00 2.835837777049473804e-02
3.500000000000000000e+00 2.813402336169229523e-02
3.600000000000000089e+00 2.791424785463986202e-02
3.700000000000000178e+00 2.768966639828746024e-02
3.800000000000000266e+00 2.748016533626019414e-02
3.900000000000000355e+00 2.725794589729816156e-02
4.000000000000000000e+00 2.704841725373659245e-02
4.100000000000000533e+00 2.684596436139976075e-02
4.200000000000000178e+00 2.662937815689761512e-02
4.299999999999999822e+00 2.643284725188570217e-02
4.400000000000000355e+00 2.624174658895220974e-02
4.500000000000000000e+00 2.603411756312571518e-02
4.600000000000000533e+00 2.585014731327961099e-02
4.700000000000000178e+00 2.567018029294888121e-02
4.800000000000000711e+00 2.548348451353546137e-02
4.900000000000000355e+00 2.530323996860223829e-02
5.000000000000000000e+00 2.513166369929281316e-02
5.100000000000000533e+00 2.496547506820326681e-02
5.200000000000000178e+00 2.480110007327947924e-02
5.300000000000000711e+00 2.463017446153993248e-02
5.400000000000000355e+00 2.447751865827173592e-02
5.500000000000000000e+00 2.432333733287319472e-02
5.600000000000000533e+00 2.417269610651218842e-02
5.700000000000000178e+00 2.402666955714791858e-02
5.800000000000000711e+00 2.387739942423860312e-02
5.900000000000000355e+00 2.373931022051013404e-02
6.000000000000000000e+00 2.360630940331964397e-02
6.100000000000000533e+00 2.347761735040338957e-02
6.200000000000000178e+00 2.335191694691041500e-02
6.300000000000000711e+00 2.322349148109529096e-02
6.400000000000000355e+00 2.310641821412250801e-02
6.500000000000000000e+00 2.297908448886816155e-02
6.600000000000000533e+00 2.286647691890928563e-02
6.700000000000000178e+00 2.275184307088244651e-02
6.800000000000000711e+00 2.264030719140180947e-02
6.900000000000000355e+00 2.253999090434558733e-02
7.000000000000000000e+00 2.243586964339725279e-02
7.100000000000000533e+00 2.233426092232120713e-02
7.200000000000000178e+00 2.223556124035643358e-02
7.300000000000000711e+00 2.213976937092582836e-02
7.400000000000000355e+00 2.204680094185062014e-02
7.500000000000000000e+00 2.195437090285737303e-02
7.600000000000000533e+00 2.186221615100856358e-02
7.700000000000000178e+00 2.177638088038455488e-02
7.800000000000000711e+00 2.169361541092746162e-02
7.900000000000000355e+00 2.161317133386655293e-02
8.000000000000000000e+00 2.153438816627383998e-02
8.099999999999999645e+00 2.145185485664533737e-02
8.200000000000001066e+00 2.137857684040220599e-02
8.300000000000000711e+00 2.130735281576439516e-02
8.400000000000000355e+00 2.123694401460619885e-02
8.500000000000000000e+00 2.116314658886640776e-02
8.599999999999999645e+00 2.109795914972759784e-02
8.700000000000001066e+00 2.103270122765409089e-02
8.800000000000000711e+00 2.096521239273088297e-02
8.900000000000000355e+00 2.090525212751896331e-02
9.000000000000000000e+00 2.083951199273872609e-02
9.099999999999999645e+00 2.078309070791158758e-02
9.200000000000001066e+00 2.071937639867200975e-02
9.300000000000000711e+00 2.066318403160293318e-02
9.400000000000000355e+00 2.060196770475044778e-02
9.500000000000000000e+00 2.055051926374244775e-02
9.600000000000001421e+00 2.049365798217231069e-02
9.700000000000001066e+00 2.044598936703895600e-02
9.800000000000000711e+00 2.039202440767586000e-02
9.900000000000000355e+00 2.034685388482151622e-02
1.000000000000000000e+01 2.029568349627601520e-02
1.010000000000000142e+01 2.025225695885729885e-02
1.020000000000000107e+01 2.020428286293821096e-02
1.030000000000000071e+01 2.015652692071710772e-02
1.040000000000000036e+01 2.011725575840155045e-02
1.050000000000000000e+01 2.007201005960302861e-02
1.060000000000000142e+01 2.002765713419096469e-02
1.070000000000000107e+01 1.999154310462467055e-02
1.080000000000000071e+01 1.994927743491680533e-02
1.090000000000000036e+01 1.990787891039229665e-02
1.100000000000000000e+01 1.987462668025388735e-02
1.110000000000000142e+01 1.983526114104238250e-02
1.120000000000000107e+01 1.979655915701280036e-02
1.130000000000000071e+01 1.976566339891421692e-02
1.140000000000000036e+01 1.972920011382214497e-02
1.150000000000000000e+01 1.969304541869290950e-02
1.160000000000000142e+01 1.965892327572188458e-02
1.170000000000000107e+01 1.963021229853117999e-02
1.180000000000000071e+01 1.959663831980420004e-02
1.190000000000000036e+01 1.956351870283223188e-02
1.200000000000000000e+01 1.953242658047065622e-02
1.210000000000000142e+01 1.950642101050852409e-02
1.220000000000000107e+01 1.947570702946530008e-02
1.230000000000000071e+01 1.944533392058543989e-02
1.240000000000000036e+01 1.941558020418828606e-02
1.250000000000000000e+01 1.939289603079581009e-02
1.260000000000000142e+01 1.936509969816927260e-02
1.270000000000000107e+01 1.933729788371171820e-02
1.280000000000000071e+01 1.930992891622452731e-02
1.290000000000000036e+01 1.928311661060676252e-02
1.300000000000000000e+01 1.926304931594373729e-02
1.310000000000000142e+01 1.923760224054124612e-02
1.320000000000000107e+01 1.921171417085586197e-02
1.330000000000000071e+01 1.918608304980958315e-02
1.340000000000000036e+01 1.916095483289056642e-02
1.350000000000000000e+01 1.913685532000862846e-02
1.360000000000000142e+01 1.911898828974398917e-02
1.370000000000000107e+01 1.909608929722913032e-02
1.380000000000000071e+01 1.907344555421358612e-02
1.390000000000000036e+01 1.905122756978079243e-02
1.400000000000000000e+01 1.902950180329429294e-02
1.410000000000000142e+01 1.900825950654547528e-02
1.420000000000000107e+01 1.899241333960411185e-02
1.430000000000000071e+01 1.897377144827805048e-02
1.440000000000000036e+01 1.895409616791201776e-02
1.450000000000000000e+01 1.893457798558453864e-02
1.460000000000000142e+01 1.891534055658516955e-02
1.470000000000000107e+01 1.889644113983045270e-02
1.480000000000000071e+01 1.887789341460850701e-02
1.490000000000000036e+01 1.886026911497162839e-02
1.500000000000000000e+01 1.884798198406974212e-02
1.510000000000000142e+01 1.883100757714353465e-02
1.520000000000000107e+01 1.881402384085315016e-02
1.530000000000000071e+01 1.879718845450838172e-02
1.540000000000000036e+01 1.878058440176395144e-02
1.550000000000000000e+01 1.876425386438277526e-02
1.560000000000000142e+01 1.874820829765544081e-02
1.570000000000000107e+01 1.873245078780624850e-02
1.580000000000000071e+01 1.871823877122721566e-02
1.590000000000000036e+01 1.870776244347742076e-02
1.600000000000000000e+01 1.869340087449088139e-02
1.610000000000000142e+01 1.867896046732894777e-02
1.619999999999999929e+01 1.866464515928993595e-02
1.630000000000000071e+01 1.865049088661783691e-02
1.640000000000000213e+01 1.863654233267794322e-02
1.650000000000000000e+01 1.862281626826291919e-02
1.660000000000000142e+01 1.860931737460211691e-02
1.669999999999999929e+01 1.859604621015381598e-02
1.680000000000000071e+01 1.858300394945656270e-02
1.690000000000000213e+01 1.857277684715876939e-02
1.700000000000000000e+01 1.856353304299326532e-02
1.710000000000000142e+01 1.855161279926919454e-02
1.719999999999999929e+01 1.853962927974613442e-02
1.730000000000000071e+01 1.852775781756126061e-02
1.740000000000000213e+01 1.851600357416084697e-02
1.750000000000000000e+01 1.850439446943822133e-02
1.760000000000000142e+01 1.849295030283159766e-02
1.769999999999999929e+01 1.848167849707325200e-02
1.780000000000000071e+01 1.847058115736428807e-02
1.790000000000000213e+01 1.845965803198171967e-02
1.800000000000000000e+01 1.844890787001830790e-02
1.810000000000000142e+01 1.843833054093019230e-02
1.819999999999999929e+01 1.842884283905410481e-02
1.830000000000000071e+01 1.842241399374875202e-02
1.840000000000000213e+01 1.841370293114058532e-02
1.850000000000000000e+01 1.840404646830307370e-02
1.860000000000000142e+01 1.839443442590795591e-02
1.869999999999999929e+01 1.838491755550021936e-02
1.880000000000000071e+01 1.837549438070220156e-02
1.890000000000000213e+01 1.836617373762912397e-02
1.900000000000000000e+01 1.835696952155512623e-02
1.910000000000000142e+01 1.834788957728457695e-02
1.920000000000000284e+01 1.833893692193777972e-02
1.930000000000000071e+01 1.833011244664389458e-02
1.940000000000000213e+01 1.832141560923776849e-02
1.950000000000000000e+01 1.831284536591473722e-02
1.960000000000000142e+01 1.830440046156515954e-02
1.970000000000000284e+01 1.829607962722579889e-02
1.980000000000000071e+01 1.828788282430272860e-02
1.990000000000000213e+01 1.828035305521841930e-02
2.000000000000000000e+01 1.827540843732336842e-02
2.010000000000000142e+01 1.826956409929389805e-02
2.020000000000000284e+01 1.826238519467252366e-02
2.030000000000000071e+01 1.825494989321771455e-02
2.040000000000000213e+01 1.824756453617776275e-02
2.050000000000000000e+01 1.824025348451960293e-02
2.060000000000000142e+01 1.823301587562921669e-02
2.070000000000000284e+01 1.822585077950760954e-02
2.080000000000000071e+01 1.821876190457578232e-02
2.090000000000000213e+01 1.821175510738250181e-02
2.100000000000000000e+01 1.820483414441469161e-02
2.110000000000000142e+01 1.819800105889700717e-02
2.120000000000000284e+01 1.819125635299250962e-02
2.130000000000000071e+01 1.818459993295444554e-02
2.140000000000000213e+01 1.817803123626822795e-02
2.150000000000000000e+01 1.817154944355295690e-02
2.160000000000000142e+01 1.816515358260323981e-02
2.170000000000000284e+01 1.815884259630954484e-02
2.180000000000000071e+01 1.815261539996187654e-02
2.190000000000000213e+01 1.814647096138170823e-02
2.200000000000000000e+01 1.814040850226850479e-02
2.210000000000000142e+01 1.813442856331049305e-02
2.220000000000000284e+01 1.812881949641470536e-02
2.230000000000000071e+01 1.812503976230962766e-02
2.240000000000000213e+01 1.812129391582849997e-02
2.250000000000000000e+01 1.811681356202044652e-02
2.260000000000000142e+01 1.811165389624865354e-02
2.270000000000000284e+01 1.810629806736688274e-02
2.280000000000000071e+01 1.810095079464490650e-02
2.290000000000000213e+01 1.809565097389873728e-02
2.300000000000000000e+01 1.809040352805106264e-02
2.310000000000000142e+01 1.808520818557928650e-02
2.320000000000000284e+01 1.808006384665725164e-02
2.330000000000000071e+01 1.807496976857190032e-02
2.340000000000000213e+01 1.806992665083872324e-02
2.350000000000000000e+01 1.806493605595363774e-02
2.360000000000000142e+01 1.805999958577976169e-02
2.370000000000000284e+01 1.805511824623329611e-02
2.380000000000000071e+01 1.805029241046035571e-02
2.390000000000000213e+01 1.804552228654157653e-02
2.400000000000000000e+01 1.804080770289248278e-02
2.410000000000000142e+01 1.803614823463172562e-02
2.420000000000000284e+01 1.803154341333628938e-02
2.430000000000000071e+01 1.802699280424395825e-02
2.440000000000000213e+01 1.802249565574706031e-02
2.450000000000000000e+01 1.801805144534011568e-02
2.460000000000000142e+01 1.801365951548035069e-02
2.470000000000000284e+01 1.800931912071877805e-02
2.480000000000000071e+01 1.800502958655498739e-02
2.490000000000000213e+01 1.800079031734940285e-02
2.500000000000000000e+01 1.799660065452365898e-02
2.510000000000000142e+01 1.799245985350130320e-02
2.520000000000000284e+01 1.798836745450418939e-02
2.530000000000000071e+01 1.798432301891042182e-02
2.540000000000000213e+01 1.798032647118256999e-02
2.550000000000000000e+01 1.797638350586810638e-02
2.560000000000000142e+01 1.797293551666023781e-02
2.570000000000000284e+01 1.797040676211259305e-02
2.580000000000000071e+01 1.796799388514611073e-02
2.590000000000000213e+01 1.796541408370019161e-02
2.600000000000000000e+01 1.796251582026302598e-02
2.610000000000000142e+01 1.795928769682466133e-02
2.620000000000000284e+01 1.795586565990904201e-02
2.630000000000000071e+01 1.795238170752013612e-02
2.640000000000000213e+01 1.794889919323114716e-02
2.650000000000000000e+01 1.794544004579948573e-02
2.660000000000000142e+01 1.794201081718210453e-02
2.670000000000000284e+01 1.793861300586123766e-02
2.680000000000000071e+01 1.793524670546188873e-02
2.690000000000000213e+01 1.793191165501139411e-02
2.700000000000000000e+01 1.792860738924114544e-02
2.710000000000000142e+01 1.792533330325754223e-02
2.720000000000000284e+01 1.792208909147764012e-02
2.730000000000000071e+01 1.791887451423922542e-02
2.740000000000000213e+01 1.791568948713424814e-02
2.750000000000000000e+01 1.791253416413743360e-02
2.760000000000000142e+01 1.790940881990948225e-02
2.770000000000000284e+01 1.790631357302992221e-02
2.780000000000000071e+01 1.790324854184889916e-02
2.790000000000000213e+01 1.790021360700991271e-02
2.800000000000000000e+01 1.789720880536543532e-02
2.810000000000000142e+01 1.789423395775650155e-02
2.820000000000000284e+01 1.789128887511976310e-02
2.830000000000000071e+01 1.788837333142613215e-02
2.840000000000000213e+01 1.788548711140388464e-02
2.850000000000000000e+01 1.788262986331772691e-02
2.860000000000000142e+01 1.787980133603295566e-02
2.870000000000000284e+01 1.787700122882268650e-02
2.880000000000000071e+01 1.787422923318841839e-02
2.890000000000000213e+01 1.787148499668495677e-02
2.900000000000000000e+01 1.786876831832267046e-02
2.910000000000000142e+01 1.786607872451807105e-02
2.920000000000000284e+01 1.786341601198436838e-02
2.930000000000000071e+01 1.786077982311594023e-02
2.940000000000000213e+01 1.785816984014902339e-02
2.950000000000000000e+01 1.785558578598467686e-02
2.960000000000000142e+01 1.785302726959809780e-02
2.970000000000000284e+01 1.785049401912153222e-02
2.980000000000000071e+01 1.784798572721143020e-02
2.990000000000000213e+01 1.784550209034401966e-02
3.000000000000000000e+01 1.784304277037066649e-02
