0.000000000000000000e+00 9.775284488211685163e-01
1.000000000000000056e-01 9.777730207085447711e-01
2.000000000000000111e-01 9.791064600584933331e-01
3.000000000000000444e-01 9.820039780359338666e-01
4.000000000000000222e-01 9.843513994306105630e-01
5.000000000000000000e-01 9.870662216083467833e-01
6.000000000000000888e-01 9.905905368372709408e-01
7.000000000000000666e-01 9.943406754087740218e-01
8.000000000000000444e-01 9.965349108989085547e-01
9.000000000000000222e-01 9.981907041357778176e-01
1.000000000000000000e+00 9.993484132987437984e-01
1.100000000000000089e+00 1.000000000000000000e+00
1.200000000000000178e+00 9.991077596591783072e-01
1.300000000000000044e+00 9.956832558807382494e-01
1.400000000000000133e+00 9.914866349888957764e-01
1.500000000000000000e+00 9.868421390378714353e-01
1.600000000000000089e+00 9.802805120671858052e-01
1.700000000000000178e+00 9.725350860811333709e-01
1.800000000000000044e+00 9.632792202745519283e-01
1.900000000000000133e+00 9.533656939635989369e-01
2.000000000000000000e+00 9.427708952183989632e-01
2.100000000000000089e+00 9.308722642167006622e-01
2.200000000000000178e+00 9.186398118933043477e-01
2.300000000000000266e+00 9.052537879278463873e-01
2.400000000000000355e+00 8.916899730238070365e-01
2.500000000000000000e+00 8.771975375647155238e-01
2.600000000000000089e+00 8.618450892196941604e-01
2.700000000000000178e+00 8.465983385658617522e-01
2.800000000000000266e+00 8.321897997525122825e-01
2.900000000000000355e+00 8.163200522365420264e-01
3.000000000000000000e+00 7.998488784775265037e-01
3.100000000000000089e+00 7.847081183718145336e-01
3.200000000000000178e+00 7.684889863918623609e-01
3.300000000000000266e+00 7.524207095737737161e-01
3.400000000000000355e+00 7.367520825310763799e-01
3.500000000000000000e+00 7.210327946616668093e-01
3.600000000000000089e+00 7.056343254252332997e-01
3.700000000000000178e+00 6.898991295742650243e-01
3.800000000000000266e+00 6.752205345756996380e-01
3.900000000000000355e+00 6.596508323805501117e-01
4.000000000000000000e+00 6.449703048945426564e-01
4.100000000000000533e+00 6.307855366449489631e-01
4.200000000000000178e+00 6.156105244163728729e-01
4.299999999999999822e+00 6.018406774692679484e-01
4.400000000000000355e+00 5.884512979214305828e-01
4.500000000000000000e+00 5.739038662732934837e-01
4.600000000000000533e+00 5.610140758199906319e-01
4.700000000000000178e+00 5.484047697908425167e-01
4.800000000000000711e+00 5.353240163691990183e-01
4.900000000000000355e+00 5.226952657071562980e-01
5.000000000000000000e+00 5.106738537668671363e-01
5.100000000000000533e+00 4.990299242062048446e-01
5.200000000000000178e+00 4.875130662245326651e-01
5.300000000000000711e+00 4.755372423058916165e-01
5.400000000000000355e+00 4.648414840664278902e-01
5.500000000000000000e+00 4.540388408245876195e-01
5.600000000000000533e+00 4.434842329842100250e-01
5.700000000000000178e+00 4.332529503529212178e-01
5.800000000000000711e+00 4.227944075409869051e-01
5.900000000000000355e+00 4.131192513599610816e-01
6.000000000000000000e+00 4.038006106278995144e-01
6.100000000000000533e+00 3.947838614715358796e-01
6.200000000000000178e+00 3.859767208481175160e-01
6.300000000000000711e+00 3.769786499936749746e-01
6.400000000000000355e+00 3.687759656997464108e-01
6.500000000000000000e+00 3.598543871426702623e-01
6.600000000000000533e+00 3.519645898442497201e-01
6.700000000000000178e+00 3.439328223103263471e-01
6.800000000000000711e+00 3.361181125095140110e-01
6.900000000000000355e+00 3.290894982618856601e-01
7.000000000000000000e+00 3.217942902786362636e-01
7.100000000000000533e+00 3.146751222392715763e-01
7.200000000000000178e+00 3.077597746795558420e-01
7.300000000000000711e+00 3.010481616599315902e-01
7.400000000000000355e+00 2.945343716827226732e-01
7.500000000000000000e+00 2.880583037575543126e-01
7.600000000000000533e+00 2.816015236988169135e-01
7.700000000000000178e+00 2.755875151687880442e-01
7.800000000000000711e+00 2.697885908374703656e-01
7.900000000000000355e+00 2.641523137905464891e-01
8.000000000000000000e+00 2.586324075971973002e-01
8.099999999999999645e+00 2.528497494368758258e-01
8.200000000000001066e+00 2.477155591262261147e-01
8.300000000000000711e+00 2.427252807872542495e-01
8.400000000000000355e+00 2.377921207042701657e-01
8.500000000000000000e+00 2.326215382075088045e-01
8.599999999999999645e+00 2.280542104390811398e-01
8.700000000000001066e+00 2.234819443164383912e-01
8.800000000000000711e+00 2.187533703169716182e-01
8.900000000000000355e+00 2.145522820717111478e-01
9.000000000000000000e+00 2.099462299388364372e-01
9.099999999999999645e+00 2.059930987171508798e-01
9.200000000000001066e+00 2.015289851136628230e-01
9.300000000000000711e+00 1.975918929088016085e-01
9.400000000000000355e+00 1.933027992857321020e-01
9.500000000000000000e+00 1.896980880658638013e-01
9.600000000000001421e+00 1.857141286759166343e-01
9.700000000000001066e+00 1.823742492074587052e-01
9.800000000000000711e+00 1.785932192931481421e-01
9.900000000000000355e+00 1.754283675046351965e-01
1.000000000000000000e+01 1.718431379019285388e-01
1.010000000000000142e+01 1.688004776462186385e-01
1.020000000000000107e+01 1.654391948078196006e-01
1.030000000000000071e+01 1.620931968073549001e-01
1.040000000000000036e+01 1.593416809860271621e-01
1.050000000000000000e+01 1.561715620297607632e-01
1.060000000000000142e+01 1.530639948278315898e-01
1.070000000000000107e+01 1.505336820521337993e-01
1.080000000000000071e+01 1.475723574555828643e-01
1.090000000000000036e+01 1.446717889851741046e-01
1.100000000000000000e+01 1.423419868625611096e-01
1.110000000000000142e+01 1.395838585676763000e-01
1.120000000000000107e+01 1.368722219596611722e-01
1.130000000000000071e+01 1.347075249604463010e-01
1.140000000000000036e+01 1.321527417578957919e-01
1.150000000000000000e+01 1.296195797683418471e-01
1.160000000000000142e+01 1.272288276055216494e-01
1.170000000000000107e+01 1.252172062699670185e-01
1.180000000000000071e+01 1.228648609813324105e-01
1.190000000000000036e+01 1.205443503388810567e-01
1.200000000000000000e+01 1.183658951684151001e-01
1.210000000000000142e+01 1.165438269388453796e-01
1.220000000000000107e+01 1.143918660649266422e-01
1.230000000000000071e+01 1.122637882414511123e-01
1.240000000000000036e+01 1.101791078657537726e-01
1.250000000000000000e+01 1.085897517504036125e-01
1.260000000000000142e+01 1.066422145631350793e-01
1.270000000000000107e+01 1.046942932939121662e-01
1.280000000000000071e+01 1.027766992474385827e-01
1.290000000000000036e+01 1.008981074573420400e-01
1.300000000000000000e+01 9.949210173963793369e-02
1.310000000000000142e+01 9.770916417303739110e-02
1.320000000000000107e+01 9.589532854600398004e-02
1.330000000000000071e+01 9.409949590650849849e-02
1.340000000000000036e+01 9.233889901205295792e-02
1.350000000000000000e+01 9.065037779009066377e-02
1.360000000000000142e+01 8.939853257964673616e-02
1.370000000000000107e+01 8.779412526185925714e-02
1.380000000000000071e+01 8.620760188216627928e-02
1.390000000000000036e+01 8.465090908062351815e-02
1.400000000000000000e+01 8.312870330179446265e-02
1.410000000000000142e+01 8.164037160648947300e-02
1.420000000000000107e+01 8.053011724996665677e-02
1.430000000000000071e+01 7.922398175769450324e-02
1.440000000000000036e+01 7.784544234036862298e-02
1.450000000000000000e+01 7.647790992444256086e-02
1.460000000000000142e+01 7.513004836057782243e-02
1.470000000000000107e+01 7.380586946827472072e-02
1.480000000000000071e+01 7.250633168052744715e-02
1.490000000000000036e+01 7.127149327923364142e-02
1.500000000000000000e+01 7.041060113645455920e-02
1.510000000000000142e+01 6.922129716730229809e-02
1.520000000000000107e+01 6.803133954056461707e-02
1.530000000000000071e+01 6.685177598414182576e-02
1.540000000000000036e+01 6.568842070941491307e-02
1.550000000000000000e+01 6.454422916208986394e-02
1.560000000000000142e+01 6.342000395180265315e-02
1.570000000000000107e+01 6.231596131343122846e-02
1.580000000000000071e+01 6.132020294610911193e-02
1.590000000000000036e+01 6.058618388852812092e-02
1.600000000000000000e+01 5.957994720095498992e-02
1.610000000000000142e+01 5.856818675309234667e-02
1.619999999999999929e+01 5.756519131740804596e-02
1.630000000000000071e+01 5.657347875021369321e-02
1.640000000000000213e+01 5.559617977082859097e-02
1.650000000000000000e+01 5.463446941708281768e-02
1.660000000000000142e+01 5.368867567714544903e-02
1.669999999999999929e+01 5.275883767913751993e-02
1.680000000000000071e+01 5.184503771655894072e-02
1.690000000000000213e+01 5.112848052498409485e-02
1.700000000000000000e+01 5.048081766218760064e-02
1.710000000000000142e+01 4.964563129980508610e-02
1.719999999999999929e+01 4.880601154783691803e-02
1.730000000000000071e+01 4.797424304143255852e-02
1.740000000000000213e+01 4.715068741493756710e-02
1.750000000000000000e+01 4.633730086276258847e-02
1.760000000000000142e+01 4.553547062338713508e-02
1.769999999999999929e+01 4.474571676711446705e-02
1.780000000000000071e+01 4.396818679388608125e-02
1.790000000000000213e+01 4.320286306684738981e-02
1.800000000000000000e+01 4.244965794176135815e-02
1.810000000000000142e+01 4.170856227213278616e-02
1.819999999999999929e+01 4.104381082906806422e-02
1.830000000000000071e+01 4.059337675664593387e-02
1.840000000000000213e+01 3.998304018462520149e-02
1.850000000000000000e+01 3.930646458286484596e-02
1.860000000000000142e+01 3.863300127885251761e-02
1.869999999999999929e+01 3.796620615611077942e-02
1.880000000000000071e+01 3.730597577292164846e-02
1.890000000000000213e+01 3.665292922761066025e-02
1.900000000000000000e+01 3.600804008613263385e-02
1.910000000000000142e+01 3.537185799107675499e-02
1.920000000000000284e+01 3.474459433558142740e-02
1.930000000000000071e+01 3.412631155619900991e-02
1.940000000000000213e+01 3.351697166637886138e-02
1.950000000000000000e+01 3.291650153243003141e-02
1.960000000000000142e+01 3.232481321567609589e-02
1.970000000000000284e+01 3.174181780679490722e-02
1.980000000000000071e+01 3.116751260172083079e-02
1.990000000000000213e+01 3.063994281399865655e-02
2.000000000000000000e+01 3.029350044849568602e-02
2.010000000000000142e+01 2.988401960797305509e-02
2.020000000000000284e+01 2.938103297654123119e-02
2.030000000000000071e+01 2.886008201958053382e-02
2.040000000000000213e+01 2.834263039494319680e-02
2.050000000000000000e+01 2.783038494250844597e-02
2.060000000000000142e+01 2.732328522362411499e-02
2.070000000000000284e+01 2.682126607834085796e-02
2.080000000000000071e+01 2.632458733546063495e-02
2.090000000000000213e+01 2.583365933136362591e-02
2.100000000000000000e+01 2.534874526256843813e-02
2.110000000000000142e+01 2.486998828666538153e-02
2.120000000000000284e+01 2.439742358747704412e-02
2.130000000000000071e+01 2.393104459668051603e-02
2.140000000000000213e+01 2.347081190195146605e-02
2.150000000000000000e+01 2.301666809374617803e-02
2.160000000000000142e+01 2.256854505494354859e-02
2.170000000000000284e+01 2.212636871965323326e-02
2.180000000000000071e+01 2.169006308817117076e-02
2.190000000000000213e+01 2.125955584138636972e-02
2.200000000000000000e+01 2.083479244803185942e-02
2.210000000000000142e+01 2.041581079117814335e-02
2.220000000000000284e+01 2.002281411380372328e-02
2.230000000000000071e+01 1.975798879218564064e-02
2.240000000000000213e+01 1.949553779126365904e-02
2.250000000000000000e+01 1.918162387425383780e-02
2.260000000000000142e+01 1.882011427874518902e-02
2.270000000000000284e+01 1.844486060567836205e-02
2.280000000000000071e+01 1.807020641598957450e-02
2.290000000000000213e+01 1.769887692703506210e-02
2.300000000000000000e+01 1.733121706111564672e-02
2.310000000000000142e+01 1.696720779412624197e-02
2.320000000000000284e+01 1.660677206725589758e-02
2.330000000000000071e+01 1.624985784265780414e-02
2.340000000000000213e+01 1.589651413156122073e-02
2.350000000000000000e+01 1.554685040951981310e-02
2.360000000000000142e+01 1.520097891033193004e-02
2.370000000000000284e+01 1.485897011305087508e-02
2.380000000000000071e+01 1.452085016198656313e-02
2.390000000000000213e+01 1.418663363621249993e-02
2.400000000000000000e+01 1.385630851374176735e-02
2.410000000000000142e+01 1.352984502545919766e-02
2.420000000000000284e+01 1.320721035152288766e-02
2.430000000000000071e+01 1.288837403051930168e-02
2.440000000000000213e+01 1.257328340140458772e-02
2.450000000000000000e+01 1.226190185507400505e-02
2.460000000000000142e+01 1.195418332109728435e-02
2.470000000000000284e+01 1.165007556993596753e-02
2.480000000000000071e+01 1.134953134303081507e-02
2.490000000000000213e+01 1.105250890717048191e-02
2.500000000000000000e+01 1.075896211936644073e-02
2.510000000000000142e+01 1.046883881121397214e-02
2.520000000000000284e+01 1.018210676856995574e-02
2.530000000000000071e+01 9.898735259594169597e-03
2.540000000000000213e+01 9.618718991791485803e-03
2.550000000000000000e+01 9.342456950996343157e-03
2.560000000000000142e+01 9.100875182140488046e-03
2.570000000000000284e+01 8.923699164527619174e-03
2.580000000000000071e+01 8.754642056035485259e-03
2.590000000000000213e+01 8.573889461108629914e-03
2.600000000000000000e+01 8.370823974081327210e-03
2.610000000000000142e+01 8.144646998658815543e-03
2.620000000000000284e+01 7.904883565154223468e-03
2.630000000000000071e+01 7.660782052655073539e-03
2.640000000000000213e+01 7.416781299961357730e-03
2.650000000000000000e+01 7.174417735317102120e-03
2.660000000000000142e+01 6.934150418555347535e-03
2.670000000000000284e+01 6.696084340140652340e-03
2.680000000000000071e+01 6.460226059865582446e-03
2.690000000000000213e+01 6.226557292801183224e-03
2.700000000000000000e+01 5.995045440117636841e-03
2.710000000000000142e+01 5.765648120224641827e-03
2.720000000000000284e+01 5.538343922594558301e-03
2.730000000000000071e+01 5.313116055405250372e-03
2.740000000000000213e+01 5.089958604645740056e-03
2.750000000000000000e+01 4.868882358483932367e-03
2.760000000000000142e+01 4.649906560894746972e-03
2.770000000000000284e+01 4.433039520097971364e-03
2.780000000000000071e+01 4.218289528241813205e-03
2.790000000000000213e+01 4.005648222668286261e-03
2.800000000000000000e+01 3.795118185428826476e-03
2.810000000000000142e+01 3.586686863833395827e-03
2.820000000000000284e+01 3.380341011245954069e-03
2.830000000000000071e+01 3.176064791043021161e-03
2.840000000000000213e+01 2.973843120310833664e-03
2.850000000000000000e+01 2.773651354878748157e-03
2.860000000000000142e+01 2.575471899109948570e-03
2.870000000000000284e+01 2.379283682714394398e-03
2.880000000000000071e+01 2.185065090887316694e-03
2.890000000000000213e+01 1.992791429719195390e-03
2.900000000000000000e+01 1.802448616964495666e-03
2.910000000000000142e+01 1.614003471215177043e-03
2.920000000000000284e+01 1.427441749276323057e-03
2.930000000000000071e+01 1.242738395675437903e-03
2.940000000000000213e+01 1.059871146441445332e-03
2.950000000000000000e+01 8.788205867652248331e-04
2.960000000000000142e+01 6.995593196748502727e-04
2.970000000000000284e+01 5.220682968818996959e-04
2.980000000000000071e+01 3.463259845027212374e-04
2.990000000000000213e+01 1.723111162846296008e-04
3.000000000000000000e+01 0.000000000000000000e+00
