0.000000000000000000e+00 0.000000000000000000e+00 3.323705137799781066e-04
0.000000000000000000e+00 5.000000000000000278e-02 3.566903309433126865e-04
0.000000000000000000e+00 1.000000000000000056e-01 3.810081175675518938e-04
0.000000000000000000e+00 1.500000000000000222e-01 4.053238808362410453e-04
0.000000000000000000e+00 2.000000000000000111e-01 4.296376279072070437e-04
0.000000000000000000e+00 2.500000000000000000e-01 4.539493659126807843e-04
0.000000000000000000e+00 3.000000000000000444e-01 4.782591019594220009e-04
0.000000000000000000e+00 3.500000000000000333e-01 5.025668431288297456e-04
0.000000000000000000e+00 4.000000000000000222e-01 5.268725964770758002e-04
0.000000000000000000e+00 4.500000000000000111e-01 5.511763690352165660e-04
0.000000000000000000e+00 5.000000000000000000e-01 5.754781678093130303e-04
0.000000000000000000e+00 5.500000000000000444e-01 5.997779997805481860e-04
0.000000000000000000e+00 6.000000000000000888e-01 6.240758719053478114e-04
0.000000000000000000e+00 6.500000000000000222e-01 6.483717911154969135e-04
0.000000000000000000e+00 7.000000000000000666e-01 6.726657643182486906e-04
0.000000000000000000e+00 7.500000000000000000e-01 6.969577983964493238e-04
0.000000000000000000e+00 8.000000000000000444e-01 7.212479002086427107e-04
0.000000000000000000e+00 8.500000000000000888e-01 7.455360765891980764e-04
0.000000000000000000e+00 9.000000000000000222e-01 7.698223343484051663e-04
0.000000000000000000e+00 9.500000000000000666e-01 7.941066802726069523e-04
0.000000000000000000e+00 1.000000000000000000e+00 8.183891211242916817e-04
1.000000000000000021e-02 0.000000000000000000e+00 3.339297956496866597e-04
1.000000000000000021e-02 5.000000000000000278e-02 3.583148911960127507e-04
1.000000000000000021e-02 1.000000000000000056e-01 3.826976962053488902e-04
1.000000000000000021e-02 1.500000000000000222e-01 4.070782187473805688e-04
1.000000000000000021e-02 2.000000000000000111e-01 4.314564668617961135e-04
1.000000000000000021e-02 2.500000000000000000e-01 4.558324485584388012e-04
1.000000000000000021e-02 3.000000000000000444e-01 4.802061718174550149e-04
1.000000000000000021e-02 3.500000000000000333e-01 5.045776445894376841e-04
1.000000000000000021e-02 4.000000000000000222e-01 5.289468747955754701e-04
1.000000000000000021e-02 4.500000000000000111e-01 5.533138703277993512e-04
1.000000000000000021e-02 5.000000000000000000e-01 5.776786390489251945e-04
1.000000000000000021e-02 5.500000000000000444e-01 6.020411887927973587e-04
1.000000000000000021e-02 6.000000000000000888e-01 6.264015273644348448e-04
1.000000000000000021e-02 6.500000000000000222e-01 6.507596625401649779e-04
1.000000000000000021e-02 7.000000000000000666e-01 6.751156020677780145e-04
1.000000000000000021e-02 7.500000000000000000e-01 6.994693536666491155e-04
1.000000000000000021e-02 8.000000000000000444e-01 7.238209250278947963e-04
1.000000000000000021e-02 8.500000000000000888e-01 7.481703238145029225e-04
1.000000000000000021e-02 9.000000000000000222e-01 7.725175576614694284e-04
1.000000000000000021e-02 9.500000000000000666e-01 7.968626341759370941e-04
1.000000000000000021e-02 1.000000000000000000e+00 8.212055609373322641e-04
2.000000000000000042e-02 0.000000000000000000e+00 3.356369805993511188e-04
2.000000000000000042e-02 5.000000000000000278e-02 3.600938505654682873e-04
2.000000000000000042e-02 1.000000000000000056e-01 3.845481462282405809e-04
2.000000000000000042e-02 1.500000000000000222e-01 4.089998766709167471e-04
2.000000000000000042e-02 2.000000000000000111e-01 4.334490509416109860e-04
2.000000000000000042e-02 2.500000000000000000e-01 4.578956780534911681e-04
2.000000000000000042e-02 3.000000000000000444e-01 4.823397669849562638e-04
2.000000000000000042e-02 3.500000000000000333e-01 5.067813266798210916e-04
2.000000000000000042e-02 4.000000000000000222e-01 5.312203660474898448e-04
2.000000000000000042e-02 4.500000000000000111e-01 5.556568939631421943e-04
2.000000000000000042e-02 5.000000000000000000e-01 5.800909192679012862e-04
2.000000000000000042e-02 5.500000000000000444e-01 6.045224507690185982e-04
2.000000000000000042e-02 6.000000000000000888e-01 6.289514972400394970e-04
2.000000000000000042e-02 6.500000000000000222e-01 6.533780674209846255e-04
2.000000000000000042e-02 7.000000000000000666e-01 6.778021700185181712e-04
2.000000000000000042e-02 7.500000000000000000e-01 7.022238137061177603e-04
2.000000000000000042e-02 8.000000000000000444e-01 7.266430071242497733e-04
2.000000000000000042e-02 8.500000000000000888e-01 7.510597588805354450e-04
2.000000000000000042e-02 9.000000000000000222e-01 7.754740775499139281e-04
2.000000000000000042e-02 9.500000000000000666e-01 7.998859716748183682e-04
2.000000000000000042e-02 1.000000000000000000e+00 8.242954497653319198e-04
2.999999999999999889e-02 0.000000000000000000e+00 3.375034950520970915e-04
2.999999999999999889e-02 5.000000000000000278e-02 3.620390045965550508e-04
2.999999999999999889e-02 1.000000000000000056e-01 3.865716292828722260e-04
2.999999999999999889e-02 1.500000000000000222e-01 4.111013793592350313e-04
2.999999999999999889e-02 2.000000000000000111e-01 4.356282650324925045e-04
2.999999999999999889e-02 2.500000000000000000e-01 4.601522964683735814e-04
2.999999999999999889e-02 3.000000000000000444e-01 4.846734837917201447e-04
2.999999999999999889e-02 3.500000000000000333e-01 5.091918370867051661e-04
2.999999999999999889e-02 4.000000000000000222e-01 5.337073663970539911e-04
2.999999999999999889e-02 4.500000000000000111e-01 5.582200817262662762e-04
2.999999999999999889e-02 5.000000000000000000e-01 5.827299930378303889e-04
2.999999999999999889e-02 5.500000000000000444e-01 6.072371102554440436e-04
2.999999999999999889e-02 6.000000000000000888e-01 6.317414432632277805e-04
2.999999999999999889e-02 6.500000000000000222e-01 6.562430019059357347e-04
2.999999999999999889e-02 7.000000000000000666e-01 6.807417959891720431e-04
2.999999999999999889e-02 7.500000000000000000e-01 7.052378352796013963e-04
2.999999999999999889e-02 8.000000000000000444e-01 7.297311295051530852e-04
2.999999999999999889e-02 8.500000000000000888e-01 7.542216883552323127e-04
2.999999999999999889e-02 9.000000000000000222e-01 7.787095214809349733e-04
2.999999999999999889e-02 9.500000000000000666e-01 8.031946384952296913e-04
2.999999999999999889e-02 1.000000000000000000e+00 8.276770489731858282e-04
4.000000000000000083e-02 0.000000000000000000e+00 3.395423149072653805e-04
4.000000000000000083e-02 5.000000000000000278e-02 3.641637450810726617e-04
4.000000000000000083e-02 1.000000000000000056e-01 3.887819494866506971e-04
4.000000000000000083e-02 1.500000000000000222e-01 4.133969397182747228e-04
4.000000000000000083e-02 2.000000000000000111e-01 4.380087273213137834e-04
4.000000000000000083e-02 2.500000000000000000e-01 4.626173237925160935e-04
4.000000000000000083e-02 3.000000000000000444e-01 4.872227405802841550e-04
4.000000000000000083e-02 3.500000000000000333e-01 5.118249890849540466e-04
4.000000000000000083e-02 4.000000000000000222e-01 5.364240806590707573e-04
4.000000000000000083e-02 4.500000000000000111e-01 5.610200266076582074e-04
4.000000000000000083e-02 5.000000000000000000e-01 5.856128381884921413e-04
4.000000000000000083e-02 5.500000000000000444e-01 6.102025266123688478e-04
4.000000000000000083e-02 6.000000000000000888e-01 6.347891030433699218e-04
4.000000000000000083e-02 6.500000000000000222e-01 6.593725785991311466e-04
4.000000000000000083e-02 7.000000000000000666e-01 6.839529643511006425e-04
4.000000000000000083e-02 7.500000000000000000e-01 7.085302713248039543e-04
4.000000000000000083e-02 8.000000000000000444e-01 7.331045105001008982e-04
4.000000000000000083e-02 8.500000000000000888e-01 7.576756928114434944e-04
4.000000000000000083e-02 9.000000000000000222e-01 7.822438291481306457e-04
4.000000000000000083e-02 9.500000000000000666e-01 8.068089303545640089e-04
4.000000000000000083e-02 1.000000000000000000e+00 8.313710072304954105e-04
5.000000000000000278e-02 0.000000000000000000e+00 3.417682553714497334e-04
5.000000000000000278e-02 5.000000000000000278e-02 3.664833579781538145e-04
5.000000000000000278e-02 1.000000000000000056e-01 3.911948593076056309e-04
5.000000000000000278e-02 1.500000000000000222e-01 4.159027725186562529e-04
5.000000000000000278e-02 2.000000000000000111e-01 4.406071107119736920e-04
5.000000000000000278e-02 2.500000000000000000e-01 4.653078869303797619e-04
5.000000000000000278e-02 3.000000000000000444e-01 4.900051141592097091e-04
5.000000000000000278e-02 3.500000000000000333e-01 5.146988053266592653e-04
5.000000000000000278e-02 4.000000000000000222e-01 5.393889733041215637e-04
5.000000000000000278e-02 4.500000000000000111e-01 5.640756309065358184e-04
5.000000000000000278e-02 5.000000000000000000e-01 5.887587908927226134e-04
5.000000000000000278e-02 5.500000000000000444e-01 6.134384659657216325e-04
5.000000000000000278e-02 6.000000000000000888e-01 6.381146687731274357e-04
5.000000000000000278e-02 6.500000000000000222e-01 6.627874119074129858e-04
5.000000000000000278e-02 7.000000000000000666e-01 6.874567079062668352e-04
5.000000000000000278e-02 7.500000000000000000e-01 7.121225692529153505e-04
5.000000000000000278e-02 8.000000000000000444e-01 7.367850083764487324e-04
5.000000000000000278e-02 8.500000000000000888e-01 7.614440376521391203e-04
5.000000000000000278e-02 9.000000000000000222e-01 7.860996694017575049e-04
5.000000000000000278e-02 9.500000000000000666e-01 8.107519158938955193e-04
5.000000000000000278e-02 1.000000000000000000e+00 8.354007893442734608e-04
5.999999999999999778e-02 0.000000000000000000e+00 3.441983325838650029e-04
5.999999999999999778e-02 5.000000000000000278e-02 3.690153949531188647e-04
5.999999999999999778e-02 1.000000000000000056e-01 3.938284408476103540e-04
5.999999999999999778e-02 1.500000000000000222e-01 4.186374852566776376e-04
5.999999999999999778e-02 2.000000000000000111e-01 4.434425430998980623e-04
5.999999999999999778e-02 2.500000000000000000e-01 4.682436292276257015e-04
5.999999999999999778e-02 3.000000000000000444e-01 4.930407584213358611e-04
5.999999999999999778e-02 3.500000000000000333e-01 5.178339453941784021e-04
5.999999999999999778e-02 4.000000000000000222e-01 5.426232047914009583e-04
5.999999999999999778e-02 4.500000000000000111e-01 5.674085511906869911e-04
5.999999999999999778e-02 5.000000000000000000e-01 5.921899991026581545e-04
5.999999999999999778e-02 5.500000000000000444e-01 6.169675629712818464e-04
5.999999999999999778e-02 6.000000000000000888e-01 6.417412571742918794e-04
5.999999999999999778e-02 6.500000000000000222e-01 6.665110960236179331e-04
5.999999999999999778e-02 7.000000000000000666e-01 6.912770937658095855e-04
5.999999999999999778e-02 7.500000000000000000e-01 7.160392645822957628e-04
5.999999999999999778e-02 8.000000000000000444e-01 7.407976225901241650e-04
5.999999999999999778e-02 8.500000000000000888e-01 7.655521818420688192e-04
5.999999999999999778e-02 9.000000000000000222e-01 7.903029563270188738e-04
5.999999999999999778e-02 9.500000000000000666e-01 8.150499599707410102e-04
5.999999999999999778e-02 1.000000000000000000e+00 8.397932066357053195e-04
7.000000000000000666e-02 0.000000000000000000e+00 3.939986207351121872e-04
7.000000000000000666e-02 5.000000000000000278e-02 4.189843259985333562e-04
7.000000000000000666e-02 1.000000000000000056e-01 4.435560865935215852e-04
7.000000000000000666e-02 1.500000000000000222e-01 4.677245015251269120e-04
7.000000000000000666e-02 2.000000000000000111e-01 4.914848677739309859e-04
7.000000000000000666e-02 2.500000000000000000e-01 5.148190498815456359e-04
7.000000000000000666e-02 3.000000000000000444e-01 5.377463598303852937e-04
7.000000000000000666e-02 3.500000000000000333e-01 5.602427852069223439e-04
7.000000000000000666e-02 4.000000000000000222e-01 5.823136342491278200e-04
7.000000000000000666e-02 4.500000000000000111e-01 6.039592392587766860e-04
7.000000000000000666e-02 5.000000000000000000e-01 6.251834055181806340e-04
7.000000000000000666e-02 5.500000000000000444e-01 6.459640282353647407e-04
7.000000000000000666e-02 6.000000000000000888e-01 6.662026950356451016e-04
7.000000000000000666e-02 6.500000000000000222e-01 6.857079914972171461e-04
7.000000000000000666e-02 7.000000000000000666e-01 7.046734119029627545e-04
7.000000000000000666e-02 7.500000000000000000e-01 7.232248907202124986e-04
7.000000000000000666e-02 8.000000000000000444e-01 7.451711207863635344e-04
7.000000000000000666e-02 8.500000000000000888e-01 7.700294135930776289e-04
7.000000000000000666e-02 9.000000000000000222e-01 7.948834943332759454e-04
7.000000000000000666e-02 9.500000000000000666e-01 8.197333773955009246e-04
7.000000000000000666e-02 1.000000000000000000e+00 8.445790792074298189e-04
8.000000000000000167e-02 0.000000000000000000e+00 9.309435261212247598e-04
8.000000000000000167e-02 5.000000000000000278e-02 5.943266619526500847e-04
8.000000000000000167e-02 1.000000000000000056e-01 1.055258018502070860e-03
8.000000000000000167e-02 1.500000000000000222e-01 1.111026623595435039e-03
8.000000000000000167e-02 2.000000000000000111e-01 1.158172650934742587e-03
8.000000000000000167e-02 2.500000000000000000e-01 1.195728527294903339e-03
8.000000000000000167e-02 3.000000000000000444e-01 7.694812675620629197e-04
8.000000000000000167e-02 3.500000000000000333e-01 1.319095305346633558e-03
8.000000000000000167e-02 4.000000000000000222e-01 1.361567034889075078e-03
8.000000000000000167e-02 4.500000000000000111e-01 8.703787686545035387e-04
8.000000000000000167e-02 5.000000000000000000e-01 9.033359541522231707e-04
8.000000000000000167e-02 5.500000000000000444e-01 1.501336833151023249e-03
8.000000000000000167e-02 6.000000000000000888e-01 1.534585240671512653e-03
8.000000000000000167e-02 6.500000000000000222e-01 1.000161754718321971e-03
8.000000000000000167e-02 7.000000000000000666e-01 1.031786540200071555e-03
8.000000000000000167e-02 7.500000000000000000e-01 1.063080791723100592e-03
8.000000000000000167e-02 8.000000000000000444e-01 1.093980869182931397e-03
8.000000000000000167e-02 8.500000000000000888e-01 1.124580865370276113e-03
8.000000000000000167e-02 9.000000000000000222e-01 1.154856312442945543e-03
8.000000000000000167e-02 9.500000000000000666e-01 1.184764125578530690e-03
8.000000000000000167e-02 1.000000000000000000e+00 1.214378120309169860e-03
8.999999999999999667e-02 0.000000000000000000e+00 1.440372472481324341e-03
8.999999999999999667e-02 5.000000000000000278e-02 1.522388513335655186e-03
8.999999999999999667e-02 1.000000000000000056e-01 1.624318156291180548e-03
8.999999999999999667e-02 1.500000000000000222e-01 1.721528498484326030e-03
8.999999999999999667e-02 2.000000000000000111e-01 1.816167765347778034e-03
8.999999999999999667e-02 2.500000000000000000e-01 1.909865500703347447e-03
8.999999999999999667e-02 3.000000000000000444e-01 1.999928583862982043e-03
8.999999999999999667e-02 3.500000000000000333e-01 2.091625887128646753e-03
8.999999999999999667e-02 4.000000000000000222e-01 2.179562839794966546e-03
8.999999999999999667e-02 4.500000000000000111e-01 2.265838551360396195e-03
8.999999999999999667e-02 5.000000000000000000e-01 2.350105315350640902e-03
8.999999999999999667e-02 5.500000000000000444e-01 2.431481069552327099e-03
8.999999999999999667e-02 6.000000000000000888e-01 2.506060224158640493e-03
8.999999999999999667e-02 6.500000000000000222e-01 2.575023207332142842e-03
8.999999999999999667e-02 7.000000000000000666e-01 2.635470725525717629e-03
8.999999999999999667e-02 7.500000000000000000e-01 2.680510082891295488e-03
8.999999999999999667e-02 8.000000000000000444e-01 2.831880543618931281e-03
8.999999999999999667e-02 8.500000000000000888e-01 2.914915112221980100e-03
8.999999999999999667e-02 9.000000000000000222e-01 2.997178282562601871e-03
8.999999999999999667e-02 9.500000000000000666e-01 3.078257944254638931e-03
8.999999999999999667e-02 1.000000000000000000e+00 3.153628330468306266e-03
1.000000000000000056e-01 0.000000000000000000e+00 1.950277523133139498e-03
1.000000000000000056e-01 5.000000000000000278e-02 2.083138066992875227e-03
1.000000000000000056e-01 1.000000000000000056e-01 2.216036749924807370e-03
1.000000000000000056e-01 1.500000000000000222e-01 2.347488421879995787e-03
1.000000000000000056e-01 2.000000000000000111e-01 2.478528530896400434e-03
1.000000000000000056e-01 2.500000000000000000e-01 2.609299635568695149e-03
1.000000000000000056e-01 3.000000000000000444e-01 2.737743816174962198e-03
1.000000000000000056e-01 3.500000000000000333e-01 2.865671536590886932e-03
1.000000000000000056e-01 4.000000000000000222e-01 2.992707069582834986e-03
1.000000000000000056e-01 4.500000000000000111e-01 3.118980632080987307e-03
1.000000000000000056e-01 5.000000000000000000e-01 3.244425039834714954e-03
1.000000000000000056e-01 5.500000000000000444e-01 3.368901594096570216e-03
1.000000000000000056e-01 6.000000000000000888e-01 3.492237022840089661e-03
1.000000000000000056e-01 6.500000000000000222e-01 3.613773846899107078e-03
1.000000000000000056e-01 7.000000000000000666e-01 3.733631058990169362e-03
1.000000000000000056e-01 7.500000000000000000e-01 3.848334606952908202e-03
1.000000000000000056e-01 8.000000000000000444e-01 3.960236739650400614e-03
1.000000000000000056e-01 8.500000000000000888e-01 4.064893978981909406e-03
1.000000000000000056e-01 9.000000000000000222e-01 4.168884441657473051e-03
1.000000000000000056e-01 9.500000000000000666e-01 4.262846872434966107e-03
1.000000000000000056e-01 1.000000000000000000e+00 4.347256234789520155e-03
1.100000000000000006e-01 0.000000000000000000e+00 2.610352440000182368e-03
1.100000000000000006e-01 5.000000000000000278e-02 2.782478712791575451e-03
1.100000000000000006e-01 1.000000000000000056e-01 2.955946604717879164e-03
1.100000000000000006e-01 1.500000000000000222e-01 3.126254319676366293e-03
1.100000000000000006e-01 2.000000000000000111e-01 3.298069153187144220e-03
1.100000000000000006e-01 2.500000000000000000e-01 3.466470681467791193e-03
1.100000000000000006e-01 3.000000000000000444e-01 3.633547643105047072e-03
1.100000000000000006e-01 3.500000000000000333e-01 3.799159681360350389e-03
1.100000000000000006e-01 4.000000000000000222e-01 3.962329717485090982e-03
1.100000000000000006e-01 4.500000000000000111e-01 4.123869117372193187e-03
1.100000000000000006e-01 5.000000000000000000e-01 4.279844556730795675e-03
1.100000000000000006e-01 5.500000000000000444e-01 4.432442704951062781e-03
1.100000000000000006e-01 6.000000000000000888e-01 4.577702496751673983e-03
1.100000000000000006e-01 6.500000000000000222e-01 4.720957043442194738e-03
1.100000000000000006e-01 7.000000000000000666e-01 4.852710297383771784e-03
1.100000000000000006e-01 7.500000000000000000e-01 4.968386555986250945e-03
1.100000000000000006e-01 8.000000000000000444e-01 5.067642787631893540e-03
1.100000000000000006e-01 8.500000000000000888e-01 5.129803955716821275e-03
1.100000000000000006e-01 9.000000000000000222e-01 5.265828052473608967e-03
1.100000000000000006e-01 9.500000000000000666e-01 5.432012606732585999e-03
1.100000000000000006e-01 1.000000000000000000e+00 5.596566070689046497e-03
1.199999999999999956e-01 0.000000000000000000e+00 3.311336540228851898e-03
1.199999999999999956e-01 5.000000000000000278e-02 3.532377076069409625e-03
1.199999999999999956e-01 1.000000000000000056e-01 3.752860798791799422e-03
1.199999999999999956e-01 1.500000000000000222e-01 3.971255377485935663e-03
1.199999999999999956e-01 2.000000000000000111e-01 4.191194451735084751e-03
1.199999999999999956e-01 2.500000000000000000e-01 4.409668214783896666e-03
1.199999999999999956e-01 3.000000000000000444e-01 4.626574423147038727e-03
1.199999999999999956e-01 3.500000000000000333e-01 4.841548730727788380e-03
1.199999999999999956e-01 4.000000000000000222e-01 5.057947789936381201e-03
1.199999999999999956e-01 4.500000000000000111e-01 5.271696066516676910e-03
1.199999999999999956e-01 5.000000000000000000e-01 5.483522382730113449e-03
1.199999999999999956e-01 5.500000000000000444e-01 5.693924038067533014e-03
1.199999999999999956e-01 6.000000000000000888e-01 5.902523240222432889e-03
1.199999999999999956e-01 6.500000000000000222e-01 6.105359947549382146e-03
1.199999999999999956e-01 7.000000000000000666e-01 6.309527573393589224e-03
1.199999999999999956e-01 7.500000000000000000e-01 6.507136032363471448e-03
1.199999999999999956e-01 8.000000000000000444e-01 6.698658300110370278e-03
1.199999999999999956e-01 8.500000000000000888e-01 6.893438391305515764e-03
1.199999999999999956e-01 9.000000000000000222e-01 7.070908989992802894e-03
1.199999999999999956e-01 9.500000000000000666e-01 7.246339842079230209e-03
1.199999999999999956e-01 1.000000000000000000e+00 7.409418529330692206e-03
1.300000000000000044e-01 0.000000000000000000e+00 4.260478669938890656e-03
1.300000000000000044e-01 5.000000000000000278e-02 4.534530853049019601e-03
1.300000000000000044e-01 1.000000000000000056e-01 4.807230847240595399e-03
1.300000000000000044e-01 1.500000000000000222e-01 5.077648822980884540e-03
1.300000000000000044e-01 2.000000000000000111e-01 5.346282061690606560e-03
1.300000000000000044e-01 2.500000000000000000e-01 5.612019434793075884e-03
1.300000000000000044e-01 3.000000000000000444e-01 5.871645742834808411e-03
1.300000000000000044e-01 3.500000000000000333e-01 6.127634395286903762e-03
1.300000000000000044e-01 4.000000000000000222e-01 6.376179241861558607e-03
1.300000000000000044e-01 4.500000000000000111e-01 6.618669679520717240e-03
1.300000000000000044e-01 5.000000000000000000e-01 6.851071945309846270e-03
1.300000000000000044e-01 5.500000000000000444e-01 7.074572743898973996e-03
1.300000000000000044e-01 6.000000000000000888e-01 7.274897211370618712e-03
1.300000000000000044e-01 6.500000000000000222e-01 7.457497428645853618e-03
1.300000000000000044e-01 7.000000000000000666e-01 7.599356648987426986e-03
1.300000000000000044e-01 7.500000000000000000e-01 7.677005360034929587e-03
1.300000000000000044e-01 8.000000000000000444e-01 7.612875130241384368e-03
1.300000000000000044e-01 8.500000000000000888e-01 7.959741233026403073e-03
1.300000000000000044e-01 9.000000000000000222e-01 8.142178020188827955e-03
1.300000000000000044e-01 9.500000000000000666e-01 8.167511000097459062e-03
1.300000000000000044e-01 1.000000000000000000e+00 8.453512954154272785e-03
1.399999999999999856e-01 0.000000000000000000e+00 4.612178026913467746e-03
1.399999999999999856e-01 5.000000000000000278e-02 4.947040362699109232e-03
1.399999999999999856e-01 1.000000000000000056e-01 5.277469694394700504e-03
1.399999999999999856e-01 1.500000000000000222e-01 5.609007330066295531e-03
1.399999999999999856e-01 2.000000000000000111e-01 5.936083459380648089e-03
1.399999999999999856e-01 2.500000000000000000e-01 6.268494782436696486e-03
1.399999999999999856e-01 3.000000000000000444e-01 6.599762214126498987e-03
1.399999999999999856e-01 3.500000000000000333e-01 6.929040404269660308e-03
1.399999999999999856e-01 4.000000000000000222e-01 7.259685210952132595e-03
1.399999999999999856e-01 4.500000000000000111e-01 7.591938162815958097e-03
1.399999999999999856e-01 5.000000000000000000e-01 7.925611231974723225e-03
1.399999999999999856e-01 5.500000000000000444e-01 8.252341219508345371e-03
1.399999999999999856e-01 6.000000000000000888e-01 8.583644143764144335e-03
1.399999999999999856e-01 6.500000000000000222e-01 8.916203597565274322e-03
1.399999999999999856e-01 7.000000000000000666e-01 9.250093519140979367e-03
1.399999999999999856e-01 7.500000000000000000e-01 9.584515198669448996e-03
1.399999999999999856e-01 8.000000000000000444e-01 9.915221263233502808e-03
1.399999999999999856e-01 8.500000000000000888e-01 1.025159459168155894e-02
1.399999999999999856e-01 9.000000000000000222e-01 1.058387489579202048e-02
1.399999999999999856e-01 9.500000000000000666e-01 1.091641379291026677e-02
1.399999999999999856e-01 1.000000000000000000e+00 1.124374731603429954e-02
1.499999999999999667e-01 0.000000000000000000e+00 6.537541223508594457e-03
1.499999999999999667e-01 5.000000000000000278e-02 6.972122097988291828e-03
1.499999999999999667e-01 1.000000000000000056e-01 7.405662830832694665e-03
1.499999999999999667e-01 1.500000000000000222e-01 7.843506388469281138e-03
1.499999999999999667e-01 2.000000000000000111e-01 8.278963154254845302e-03
1.499999999999999667e-01 2.500000000000000000e-01 8.714616544279258498e-03
1.499999999999999667e-01 3.000000000000000444e-01 9.150509632301621898e-03
1.499999999999999667e-01 3.500000000000000333e-01 9.582935363471002319e-03
1.499999999999999667e-01 4.000000000000000222e-01 1.002033690759147021e-02
1.499999999999999667e-01 4.500000000000000111e-01 1.045508317482297250e-02
1.499999999999999667e-01 5.000000000000000000e-01 1.088490480784913561e-02
1.499999999999999667e-01 5.500000000000000444e-01 1.131315641870818574e-02
1.499999999999999667e-01 6.000000000000000888e-01 1.174033579461521495e-02
1.499999999999999667e-01 6.500000000000000222e-01 1.216639441082394135e-02
1.499999999999999667e-01 7.000000000000000666e-01 1.259108541289199155e-02
1.499999999999999667e-01 7.500000000000000000e-01 1.301399156424234808e-02
1.499999999999999667e-01 8.000000000000000444e-01 1.342852858569621756e-02
1.499999999999999667e-01 8.500000000000000888e-01 1.384762462167103865e-02
1.499999999999999667e-01 9.000000000000000222e-01 1.426277889051908582e-02
1.499999999999999667e-01 9.500000000000000666e-01 1.466863637562919147e-02
1.499999999999999667e-01 1.000000000000000000e+00 1.506405616192594242e-02
1.599999999999999756e-01 0.000000000000000000e+00 9.895390282805126975e-03
1.599999999999999756e-01 5.000000000000000278e-02 1.051101563515468608e-02
1.599999999999999756e-01 1.000000000000000056e-01 1.111243664428939772e-02
1.599999999999999756e-01 1.500000000000000222e-01 1.169065298769982574e-02
1.599999999999999756e-01 2.000000000000000111e-01 1.224929403596899599e-02
1.599999999999999756e-01 2.500000000000000000e-01 1.276134572427081205e-02
1.599999999999999756e-01 3.000000000000000444e-01 1.320011410222467207e-02
1.599999999999999756e-01 3.500000000000000333e-01 1.342455823505207292e-02
1.599999999999999756e-01 4.000000000000000222e-01 1.348154864331866688e-02
1.599999999999999756e-01 4.500000000000000111e-01 1.415132286233354922e-02
1.599999999999999756e-01 5.000000000000000000e-01 1.469520324194315865e-02
1.599999999999999756e-01 5.500000000000000444e-01 1.523959445174127153e-02
1.599999999999999756e-01 6.000000000000000888e-01 1.577549795604703611e-02
1.599999999999999756e-01 6.500000000000000222e-01 1.644697850703383604e-02
1.599999999999999756e-01 7.000000000000000666e-01 1.694064268632471809e-02
1.599999999999999756e-01 7.500000000000000000e-01 1.710598067784884976e-02
1.599999999999999756e-01 8.000000000000000444e-01 1.778138516984844458e-02
1.599999999999999756e-01 8.500000000000000888e-01 1.852135207949227869e-02
1.599999999999999756e-01 9.000000000000000222e-01 1.916485254476384820e-02
1.599999999999999756e-01 9.500000000000000666e-01 1.976675202133779119e-02
1.599999999999999756e-01 1.000000000000000000e+00 2.031086032107929512e-02
1.699999999999999845e-01 0.000000000000000000e+00 1.257387684768533284e-02
1.699999999999999845e-01 5.000000000000000278e-02 1.345698537799546769e-02
1.699999999999999845e-01 1.000000000000000056e-01 1.434181757247179542e-02
1.699999999999999845e-01 1.500000000000000222e-01 1.523701528137084461e-02
1.699999999999999845e-01 2.000000000000000111e-01 1.613887798691735279e-02
1.699999999999999845e-01 2.500000000000000000e-01 1.704676453102314804e-02
1.699999999999999845e-01 3.000000000000000444e-01 1.795263177281265776e-02
1.699999999999999845e-01 3.500000000000000333e-01 1.887061626673457171e-02
1.699999999999999845e-01 4.000000000000000222e-01 1.979769997934162709e-02
1.699999999999999845e-01 4.500000000000000111e-01 2.073122679484877551e-02
1.699999999999999845e-01 5.000000000000000000e-01 2.166635684548703228e-02
1.699999999999999845e-01 5.500000000000000444e-01 2.260250209926688639e-02
1.699999999999999845e-01 6.000000000000000888e-01 2.355456830102448801e-02
1.699999999999999845e-01 6.500000000000000222e-01 2.451321980328294986e-02
1.699999999999999845e-01 7.000000000000000666e-01 2.546988868627732619e-02
1.699999999999999845e-01 7.500000000000000000e-01 2.643719474110655526e-02
1.699999999999999845e-01 8.000000000000000444e-01 2.740975047243288804e-02
1.699999999999999845e-01 8.500000000000000888e-01 2.839268345820681466e-02
1.699999999999999845e-01 9.000000000000000222e-01 2.937379073912136512e-02
1.699999999999999845e-01 9.500000000000000666e-01 3.037076930590001597e-02
1.699999999999999845e-01 1.000000000000000000e+00 3.136327404882630066e-02
1.799999999999999656e-01 0.000000000000000000e+00 1.387700475366513211e-02
1.799999999999999656e-01 5.000000000000000278e-02 1.486410124006034769e-02
1.799999999999999656e-01 1.000000000000000056e-01 1.586020676503219207e-02
1.799999999999999656e-01 1.500000000000000222e-01 1.685434072017081425e-02
1.799999999999999656e-01 2.000000000000000111e-01 1.786737304919123331e-02
1.799999999999999656e-01 2.500000000000000000e-01 1.888950477081246040e-02
1.799999999999999656e-01 3.000000000000000444e-01 1.991466989592026102e-02
1.799999999999999656e-01 3.500000000000000333e-01 2.094801119203584111e-02
1.799999999999999656e-01 4.000000000000000222e-01 2.198933191382158175e-02
1.799999999999999656e-01 4.500000000000000111e-01 2.304765671556947837e-02
1.799999999999999656e-01 5.000000000000000000e-01 2.410327541642507884e-02
1.799999999999999656e-01 5.500000000000000444e-01 2.517357198182676101e-02
1.799999999999999656e-01 6.000000000000000888e-01 2.625785266685373015e-02
1.799999999999999656e-01 6.500000000000000222e-01 2.734318078199105689e-02
1.799999999999999656e-01 7.000000000000000666e-01 2.843596061222745594e-02
1.799999999999999656e-01 7.500000000000000000e-01 2.953785157348632479e-02
1.799999999999999656e-01 8.000000000000000444e-01 3.065843066100261069e-02
1.799999999999999656e-01 8.500000000000000888e-01 3.176832958339875085e-02
1.799999999999999656e-01 9.000000000000000222e-01 3.290461131225263375e-02
1.799999999999999656e-01 9.500000000000000666e-01 3.404210853926908226e-02
1.799999999999999656e-01 1.000000000000000000e+00 3.519111651147169284e-02
1.899999999999999467e-01 0.000000000000000000e+00 1.485875194827246566e-02
1.899999999999999467e-01 5.000000000000000278e-02 1.591535965898351057e-02
1.899999999999999467e-01 1.000000000000000056e-01 1.698704559131537437e-02
1.899999999999999467e-01 1.500000000000000222e-01 1.806953526853712078e-02
1.899999999999999467e-01 2.000000000000000111e-01 1.915603215030794657e-02
1.899999999999999467e-01 2.500000000000000000e-01 2.026495262820356830e-02
1.899999999999999467e-01 3.000000000000000444e-01 2.137961648502951714e-02
1.899999999999999467e-01 3.500000000000000333e-01 2.249659400773227833e-02
1.899999999999999467e-01 4.000000000000000222e-01 2.363102182095270717e-02
1.899999999999999467e-01 4.500000000000000111e-01 2.477646770493299386e-02
1.899999999999999467e-01 5.000000000000000000e-01 2.592357127881493237e-02
1.899999999999999467e-01 5.500000000000000444e-01 2.708925758532201855e-02
1.899999999999999467e-01 6.000000000000000888e-01 2.826622184117640740e-02
1.899999999999999467e-01 6.500000000000000222e-01 2.944398634275153387e-02
1.899999999999999467e-01 7.000000000000000666e-01 3.064106626495172181e-02
1.899999999999999467e-01 7.500000000000000000e-01 3.184976168864352836e-02
1.899999999999999467e-01 8.000000000000000444e-01 3.305952496372110971e-02
1.899999999999999467e-01 8.500000000000000888e-01 3.428688177090093853e-02
1.899999999999999467e-01 9.000000000000000222e-01 3.552721219718008028e-02
1.899999999999999467e-01 9.500000000000000666e-01 3.677218086785970924e-02
1.899999999999999467e-01 1.000000000000000000e+00 3.801432313855306749e-02
2.000000000000000111e-01 0.000000000000000000e+00 1.565574660351651617e-02
2.000000000000000111e-01 5.000000000000000278e-02 1.677896295760702289e-02
2.000000000000000111e-01 1.000000000000000056e-01 1.791426958840522041e-02
2.000000000000000111e-01 1.500000000000000222e-01 1.906526552303112673e-02
2.000000000000000111e-01 2.000000000000000111e-01 2.022352159299204560e-02
2.000000000000000111e-01 2.500000000000000000e-01 2.139795821936064935e-02
2.000000000000000111e-01 3.000000000000000444e-01 2.258062442355917784e-02
2.000000000000000111e-01 3.500000000000000333e-01 2.377478559196691266e-02
2.000000000000000111e-01 4.000000000000000222e-01 2.498962527894207572e-02
2.000000000000000111e-01 4.500000000000000111e-01 2.619938100225403105e-02
2.000000000000000111e-01 5.000000000000000000e-01 2.743757342723113224e-02
2.000000000000000111e-01 5.500000000000000444e-01 2.868117826536170298e-02
2.000000000000000111e-01 6.000000000000000888e-01 2.992441749967425166e-02
2.000000000000000111e-01 6.500000000000000222e-01 3.120117901352136014e-02
2.000000000000000111e-01 7.000000000000000666e-01 3.247925289429469398e-02
2.000000000000000111e-01 7.500000000000000000e-01 3.376613925455469040e-02
2.000000000000000111e-01 8.000000000000000444e-01 3.507114835867789632e-02
2.000000000000000111e-01 8.500000000000000888e-01 3.638214115237365515e-02
2.000000000000000111e-01 9.000000000000000222e-01 3.770053952031426903e-02
2.000000000000000111e-01 9.500000000000000666e-01 3.904887261306357049e-02
2.000000000000000111e-01 1.000000000000000000e+00 4.039235569981823593e-02
2.100000000000000200e-01 0.000000000000000000e+00 1.632816792649403534e-02
2.100000000000000200e-01 5.000000000000000278e-02 1.751106777277023838e-02
2.100000000000000200e-01 1.000000000000000056e-01 1.870851485379150872e-02
2.100000000000000200e-01 1.500000000000000222e-01 1.991893981744920564e-02
2.100000000000000200e-01 2.000000000000000111e-01 2.113689562205764774e-02
2.100000000000000200e-01 2.500000000000000000e-01 2.237527618718490249e-02
2.100000000000000200e-01 3.000000000000000444e-01 2.361902020973380076e-02
2.100000000000000200e-01 3.500000000000000333e-01 2.488422543228301434e-02
2.100000000000000200e-01 4.000000000000000222e-01 2.616286519447132836e-02
2.100000000000000200e-01 4.500000000000000111e-01 2.744661724435113262e-02
2.100000000000000200e-01 5.000000000000000000e-01 2.874843722090383510e-02
2.100000000000000200e-01 5.500000000000000444e-01 3.005350767689559527e-02
2.100000000000000200e-01 6.000000000000000888e-01 3.138702531816321695e-02
2.100000000000000200e-01 6.500000000000000222e-01 3.273529969578591048e-02
2.100000000000000200e-01 7.000000000000000666e-01 3.408463157044085839e-02
2.100000000000000200e-01 7.500000000000000000e-01 3.545257292880656108e-02
2.100000000000000200e-01 8.000000000000000444e-01 3.682616800019380271e-02
2.100000000000000200e-01 8.500000000000000888e-01 3.822590927331468574e-02
2.100000000000000200e-01 9.000000000000000222e-01 3.964171031229980074e-02
2.100000000000000200e-01 9.500000000000000666e-01 4.104424286944258204e-02
2.100000000000000200e-01 1.000000000000000000e+00 4.248801611871326489e-02
2.200000000000000289e-01 0.000000000000000000e+00 1.690099749241187957e-02
2.200000000000000289e-01 5.000000000000000278e-02 1.813458600152861172e-02
2.200000000000000289e-01 1.000000000000000056e-01 1.937971914724368264e-02
2.200000000000000289e-01 1.500000000000000222e-01 2.064947805362288627e-02
2.200000000000000289e-01 2.000000000000000111e-01 2.192628947203135656e-02
2.200000000000000289e-01 2.500000000000000000e-01 2.321981280191871833e-02
2.200000000000000289e-01 3.000000000000000444e-01 2.452700291089918161e-02
2.200000000000000289e-01 3.500000000000000333e-01 2.585080223530101390e-02
2.200000000000000289e-01 4.000000000000000222e-01 2.717920872117784298e-02
2.200000000000000289e-01 4.500000000000000111e-01 2.854239014413260250e-02
2.200000000000000289e-01 5.000000000000000000e-01 2.990836537198360984e-02
2.200000000000000289e-01 5.500000000000000444e-01 3.128288515304575995e-02
2.200000000000000289e-01 6.000000000000000888e-01 3.269364113262146487e-02
2.200000000000000289e-01 6.500000000000000222e-01 3.409535362432010441e-02
2.200000000000000289e-01 7.000000000000000666e-01 3.552400745166546525e-02
2.200000000000000289e-01 7.500000000000000000e-01 3.695558085331049347e-02
2.200000000000000289e-01 8.000000000000000444e-01 3.841271538839741151e-02
2.200000000000000289e-01 8.500000000000000888e-01 3.989835397543736728e-02
2.200000000000000289e-01 9.000000000000000222e-01 4.137513775346653849e-02
2.200000000000000289e-01 9.500000000000000666e-01 4.287979096334694484e-02
2.200000000000000289e-01 1.000000000000000000e+00 4.438378646655753018e-02
2.300000000000000377e-01 0.000000000000000000e+00 1.736079570347836415e-02
2.300000000000000377e-01 5.000000000000000278e-02 1.864108171286760901e-02
2.300000000000000377e-01 1.000000000000000056e-01 1.993580740795636297e-02
2.300000000000000377e-01 1.500000000000000222e-01 2.125717927100093455e-02
2.300000000000000377e-01 2.000000000000000111e-01 2.258389372971995532e-02
2.300000000000000377e-01 2.500000000000000000e-01 2.393546440724492880e-02
2.300000000000000377e-01 3.000000000000000444e-01 2.529444016868689221e-02
2.300000000000000377e-01 3.500000000000000333e-01 2.668053647034773421e-02
2.300000000000000377e-01 4.000000000000000222e-01 2.807291424287197690e-02
2.300000000000000377e-01 4.500000000000000111e-01 2.949325678306932014e-02
2.300000000000000377e-01 5.000000000000000000e-01 3.091681803774553455e-02
2.300000000000000377e-01 5.500000000000000444e-01 3.236174465387572224e-02
2.300000000000000377e-01 6.000000000000000888e-01 3.382070898051042079e-02
2.300000000000000377e-01 6.500000000000000222e-01 3.530943648937365231e-02
2.300000000000000377e-01 7.000000000000000666e-01 3.679031696119598738e-02
2.300000000000000377e-01 7.500000000000000000e-01 3.830985736882707576e-02
2.300000000000000377e-01 8.000000000000000444e-01 3.983740154717690246e-02
2.300000000000000377e-01 8.500000000000000888e-01 4.137547615524476974e-02
2.300000000000000377e-01 9.000000000000000222e-01 4.294944211934109690e-02
2.300000000000000377e-01 9.500000000000000666e-01 4.450635482944565596e-02
2.300000000000000377e-01 1.000000000000000000e+00 4.611346939613069490e-02
2.400000000000000466e-01 0.000000000000000000e+00 1.767098920953974819e-02
2.400000000000000466e-01 5.000000000000000278e-02 1.899462314154506948e-02
2.400000000000000466e-01 1.000000000000000056e-01 2.033372721110824830e-02
2.400000000000000466e-01 1.500000000000000222e-01 2.169119984442112806e-02
2.400000000000000466e-01 2.000000000000000111e-01 2.307503659375114910e-02
2.400000000000000466e-01 2.500000000000000000e-01 2.446132496219169741e-02
2.400000000000000466e-01 3.000000000000000444e-01 2.588559635361130373e-02
2.400000000000000466e-01 3.500000000000000333e-01 2.731893386008649519e-02
2.400000000000000466e-01 4.000000000000000222e-01 2.877171151301635352e-02
2.400000000000000466e-01 4.500000000000000111e-01 3.024307126115541311e-02
2.400000000000000466e-01 5.000000000000000000e-01 3.173370307522437733e-02
2.400000000000000466e-01 5.500000000000000444e-01 3.323701103602671320e-02
2.400000000000000466e-01 6.000000000000000888e-01 3.477114395710464989e-02
2.400000000000000466e-01 6.500000000000000222e-01 3.630333993609928533e-02
2.400000000000000466e-01 7.000000000000000666e-01 3.786833137471734556e-02
2.400000000000000466e-01 7.500000000000000000e-01 3.943615466447877166e-02
2.400000000000000466e-01 8.000000000000000444e-01 4.104988871463506606e-02
2.400000000000000466e-01 8.500000000000000888e-01 4.265701663703564545e-02
2.400000000000000466e-01 9.000000000000000222e-01 4.429579868122921621e-02
2.400000000000000466e-01 9.500000000000000666e-01 4.593023503966924687e-02
2.400000000000000466e-01 1.000000000000000000e+00 4.759302095125133442e-02
2.500000000000000555e-01 0.000000000000000000e+00 1.777048091798359708e-02
2.500000000000000555e-01 5.000000000000000278e-02 1.912581618557713733e-02
2.500000000000000555e-01 1.000000000000000056e-01 2.050486630124644105e-02
2.500000000000000555e-01 1.500000000000000222e-01 2.189474993948319070e-02
2.500000000000000555e-01 2.000000000000000111e-01 2.332396641582056354e-02
2.500000000000000555e-01 2.500000000000000000e-01 2.476348760974921362e-02
2.500000000000000555e-01 3.000000000000000444e-01 2.621939401055723567e-02
2.500000000000000555e-01 3.500000000000000333e-01 2.770337031705929001e-02
2.500000000000000555e-01 4.000000000000000222e-01 2.921012218991174761e-02
2.500000000000000555e-01 4.500000000000000111e-01 3.073900059682533117e-02
2.500000000000000555e-01 5.000000000000000000e-01 3.227542380455807047e-02
2.500000000000000555e-01 5.500000000000000444e-01 3.384527735292034573e-02
2.500000000000000555e-01 6.000000000000000888e-01 3.542421618450138782e-02
2.500000000000000555e-01 6.500000000000000222e-01 3.702351498410209191e-02
2.500000000000000555e-01 7.000000000000000666e-01 3.865602218283164387e-02
2.500000000000000555e-01 7.500000000000000000e-01 4.029248718091733156e-02
2.500000000000000555e-01 8.000000000000000444e-01 4.195266766330105201e-02
2.500000000000000555e-01 8.500000000000000888e-01 4.363104100690824022e-02
2.500000000000000555e-01 9.000000000000000222e-01 4.532848663537817485e-02
2.500000000000000555e-01 9.500000000000000666e-01 4.704611728272545951e-02
2.500000000000000555e-01 1.000000000000000000e+00 4.878291261502282899e-02
2.600000000000000644e-01 0.000000000000000000e+00 1.755360743780192898e-02
2.600000000000000644e-01 5.000000000000000278e-02 1.893535310998772231e-02
2.600000000000000644e-01 1.000000000000000056e-01 2.033984611385209959e-02
2.600000000000000644e-01 1.500000000000000222e-01 2.176754525847053590e-02
2.600000000000000644e-01 2.000000000000000111e-01 2.322149366414402380e-02
2.600000000000000644e-01 2.500000000000000000e-01 2.470930299008438150e-02
2.600000000000000644e-01 3.000000000000000444e-01 2.620364096248097019e-02
2.600000000000000644e-01 3.500000000000000333e-01 2.772339278986443722e-02
2.600000000000000644e-01 4.000000000000000222e-01 2.928655487265324764e-02
2.600000000000000644e-01 4.500000000000000111e-01 3.085154733253324053e-02
2.600000000000000644e-01 5.000000000000000000e-01 3.244040149851824817e-02
2.600000000000000644e-01 5.500000000000000444e-01 3.406612141751112766e-02
2.600000000000000644e-01 6.000000000000000888e-01 3.570007012914767908e-02
2.600000000000000644e-01 6.500000000000000222e-01 3.735049970304641503e-02
2.600000000000000644e-01 7.000000000000000666e-01 3.903917901905790827e-02
2.600000000000000644e-01 7.500000000000000000e-01 4.072440463595948523e-02
2.600000000000000644e-01 8.000000000000000444e-01 4.246761265028230897e-02
2.600000000000000644e-01 8.500000000000000888e-01 4.419596400361287813e-02
2.600000000000000644e-01 9.000000000000000222e-01 4.596364149060835902e-02
2.600000000000000644e-01 9.500000000000000666e-01 4.774126287137066965e-02
2.600000000000000644e-01 1.000000000000000000e+00 4.954539171603027092e-02
2.700000000000000733e-01 0.000000000000000000e+00 1.683735045155232077e-02
2.700000000000000733e-01 5.000000000000000278e-02 1.824043364362957012e-02
2.700000000000000733e-01 1.000000000000000056e-01 1.966665548188825316e-02
2.700000000000000733e-01 1.500000000000000222e-01 2.112399488036451056e-02
2.700000000000000733e-01 2.000000000000000111e-01 2.261224009836711180e-02
2.700000000000000733e-01 2.500000000000000000e-01 2.412216429885185101e-02
2.700000000000000733e-01 3.000000000000000444e-01 2.566645083554919271e-02
2.700000000000000733e-01 3.500000000000000333e-01 2.723094929273656151e-02
2.700000000000000733e-01 4.000000000000000222e-01 2.882350978615470100e-02
2.700000000000000733e-01 4.500000000000000111e-01 3.043017497253371756e-02
2.700000000000000733e-01 5.000000000000000000e-01 3.208379380495898076e-02
2.700000000000000733e-01 5.500000000000000444e-01 3.375062217214169769e-02
2.700000000000000733e-01 6.000000000000000888e-01 3.542714678309862031e-02
2.700000000000000733e-01 6.500000000000000222e-01 3.713672859655587494e-02
2.700000000000000733e-01 7.000000000000000666e-01 3.888495923995646808e-02
2.700000000000000733e-01 7.500000000000000000e-01 4.062762673282852705e-02
2.700000000000000733e-01 8.000000000000000444e-01 4.241575907394973949e-02
2.700000000000000733e-01 8.500000000000000888e-01 4.422458414061764681e-02
2.700000000000000733e-01 9.000000000000000222e-01 4.603901971137226018e-02
2.700000000000000733e-01 9.500000000000000666e-01 4.789239891813908134e-02
2.700000000000000733e-01 1.000000000000000000e+00 4.975897335664715426e-02
2.800000000000000822e-01 0.000000000000000000e+00 1.511524067553451749e-02
2.800000000000000822e-01 5.000000000000000278e-02 1.658107234159954257e-02
2.800000000000000822e-01 1.000000000000000056e-01 1.806043421407095909e-02
2.800000000000000822e-01 1.500000000000000222e-01 1.958219322988031738e-02
2.800000000000000822e-01 2.000000000000000111e-01 2.112229498286322463e-02
2.800000000000000822e-01 2.500000000000000000e-01 2.269520408834498071e-02
2.800000000000000822e-01 3.000000000000000444e-01 2.429029030690864344e-02
2.800000000000000822e-01 3.500000000000000333e-01 2.590472551026758857e-02
2.800000000000000822e-01 4.000000000000000222e-01 2.755510272462558322e-02
2.800000000000000822e-01 4.500000000000000111e-01 2.922720891346386463e-02
2.800000000000000822e-01 5.000000000000000000e-01 3.092060071260713944e-02
2.800000000000000822e-01 5.500000000000000444e-01 3.264114394455104595e-02
2.800000000000000822e-01 6.000000000000000888e-01 3.439276264360779933e-02
2.800000000000000822e-01 6.500000000000000222e-01 3.617171060461354254e-02
2.800000000000000822e-01 7.000000000000000666e-01 3.797501721882523551e-02
2.800000000000000822e-01 7.500000000000000000e-01 3.977886222274244071e-02
2.800000000000000822e-01 8.000000000000000444e-01 4.162319015761414137e-02
2.800000000000000822e-01 8.500000000000000888e-01 4.347547857358675244e-02
2.800000000000000822e-01 9.000000000000000222e-01 4.539150979555028192e-02
2.800000000000000822e-01 9.500000000000000666e-01 4.729331580281611463e-02
2.800000000000000822e-01 1.000000000000000000e+00 4.921726110153610417e-02
2.900000000000000910e-01 0.000000000000000000e+00 5.856729109933791208e-04
2.900000000000000910e-01 5.000000000000000278e-02 6.172610817233698498e-04
2.900000000000000910e-01 1.000000000000000056e-01 6.490739552375885844e-04
2.900000000000000910e-01 1.500000000000000222e-01 1.426813527695251251e-02
2.900000000000000910e-01 2.000000000000000111e-01 1.688121673385867966e-02
2.900000000000000910e-01 2.500000000000000000e-01 1.896376485533321152e-02
2.900000000000000910e-01 3.000000000000000444e-01 2.090764054862932764e-02
2.900000000000000910e-01 3.500000000000000333e-01 2.278780350889155273e-02
2.900000000000000910e-01 4.000000000000000222e-01 2.464642296833891716e-02
2.900000000000000910e-01 4.500000000000000111e-01 2.649487824778888612e-02
2.900000000000000910e-01 5.000000000000000000e-01 2.834818513066183696e-02
2.900000000000000910e-01 5.500000000000000444e-01 3.021194480080560338e-02
2.900000000000000910e-01 6.000000000000000888e-01 3.207968349408077402e-02
2.900000000000000910e-01 6.500000000000000222e-01 3.396156305833603062e-02
2.900000000000000910e-01 7.000000000000000666e-01 3.586158666606265727e-02
2.900000000000000910e-01 7.500000000000000000e-01 3.779316636202673108e-02
2.900000000000000910e-01 8.000000000000000444e-01 3.973175238895946398e-02
2.900000000000000910e-01 8.500000000000000888e-01 4.167660676565023564e-02
2.900000000000000910e-01 9.000000000000000222e-01 4.365224926685366130e-02
2.900000000000000910e-01 9.500000000000000666e-01 4.566495604023035337e-02
2.900000000000000910e-01 1.000000000000000000e+00 4.766323485328075732e-02
2.999999999999999889e-01 0.000000000000000000e+00 5.514008601539821790e-04
2.999999999999999889e-01 5.000000000000000278e-02 5.813724726002082385e-04
2.999999999999999889e-01 1.000000000000000056e-01 6.114901632572597228e-04
2.999999999999999889e-01 1.500000000000000222e-01 6.417766449879717125e-04
2.999999999999999889e-01 2.000000000000000111e-01 6.722320063299800893e-04
2.999999999999999889e-01 2.500000000000000000e-01 7.028562417803933078e-04
2.999999999999999889e-01 3.000000000000000444e-01 7.336754683053511340e-04
2.999999999999999889e-01 3.500000000000000333e-01 7.646392292875373161e-04
2.999999999999999889e-01 4.000000000000000222e-01 7.957966709036768879e-04
2.999999999999999889e-01 4.500000000000000111e-01 8.271278765933212434e-04
2.999999999999999889e-01 5.000000000000000000e-01 8.586635524867048926e-04
2.999999999999999889e-01 5.500000000000000444e-01 2.184614862734683347e-02
2.999999999999999889e-01 6.000000000000000888e-01 2.573541547020621531e-02
2.999999999999999889e-01 6.500000000000000222e-01 2.853193467731396718e-02
2.999999999999999889e-01 7.000000000000000666e-01 3.102339816875806719e-02
2.999999999999999889e-01 7.500000000000000000e-01 3.335138970606449371e-02
2.999999999999999889e-01 8.000000000000000444e-01 3.564634346833834427e-02
2.999999999999999889e-01 8.500000000000000888e-01 3.787206301778404949e-02
2.999999999999999889e-01 9.000000000000000222e-01 4.007346785434517944e-02
2.999999999999999889e-01 9.500000000000000666e-01 4.228601402883271770e-02
2.999999999999999889e-01 1.000000000000000000e+00 4.446518897098664103e-02
3.099999999999999978e-01 0.000000000000000000e+00 5.166877543657606622e-04
3.099999999999999978e-01 5.000000000000000278e-02 5.450395172749587444e-04
3.099999999999999978e-01 1.000000000000000056e-01 5.735633669113385756e-04
3.099999999999999978e-01 1.500000000000000222e-01 6.022589934672969731e-04
3.099999999999999978e-01 2.000000000000000111e-01 6.311260985229375040e-04
3.099999999999999978e-01 2.500000000000000000e-01 6.601643956930700833e-04
3.099999999999999978e-01 3.000000000000000444e-01 6.893736122398880879e-04
3.099999999999999978e-01 3.500000000000000333e-01 7.187534934516460073e-04
3.099999999999999978e-01 4.000000000000000222e-01 7.483038171180610067e-04
3.099999999999999978e-01 4.500000000000000111e-01 7.780244678340144651e-04
3.099999999999999978e-01 5.000000000000000000e-01 8.079429608164217288e-04
3.099999999999999978e-01 5.500000000000000444e-01 8.380050032606058260e-04
3.099999999999999978e-01 6.000000000000000888e-01 8.682354358996028417e-04
3.099999999999999978e-01 6.500000000000000222e-01 8.986349985299568960e-04
3.099999999999999978e-01 7.000000000000000666e-01 9.292040708983340678e-04
3.099999999999999978e-01 7.500000000000000000e-01 9.599737413823527859e-04
3.099999999999999978e-01 8.000000000000000444e-01 9.908835283362013059e-04
3.099999999999999978e-01 8.500000000000000888e-01 1.022026069356829839e-03
3.099999999999999978e-01 9.000000000000000222e-01 1.053420551537811089e-03
3.099999999999999978e-01 9.500000000000000666e-01 3.246477566430919226e-02
3.099999999999999978e-01 1.000000000000000000e+00 3.654116649348465584e-02
3.200000000000000067e-01 0.000000000000000000e+00 4.805684233884819452e-04
3.200000000000000067e-01 5.000000000000000278e-02 5.073315833299249164e-04
3.200000000000000067e-01 1.000000000000000056e-01 5.342716920394139550e-04
3.200000000000000067e-01 1.500000000000000222e-01 5.613882469506252179e-04
3.200000000000000067e-01 2.000000000000000111e-01 5.886808109872199331e-04
3.200000000000000067e-01 2.500000000000000000e-01 6.161493898206416671e-04
3.200000000000000067e-01 3.000000000000000444e-01 6.438170678147017495e-04
3.200000000000000067e-01 3.500000000000000333e-01 6.716351771179887489e-04
3.200000000000000067e-01 4.000000000000000222e-01 6.996270407360755117e-04
3.200000000000000067e-01 4.500000000000000111e-01 7.277923722559618419e-04
3.200000000000000067e-01 5.000000000000000000e-01 7.561307930189333296e-04
3.200000000000000067e-01 5.500000000000000444e-01 7.846419155243935855e-04
3.200000000000000067e-01 6.000000000000000888e-01 8.133253586074245135e-04
3.200000000000000067e-01 6.500000000000000222e-01 8.421807521447397102e-04
3.200000000000000067e-01 7.000000000000000666e-01 8.712077393283101977e-04
3.200000000000000067e-01 7.500000000000000000e-01 9.004059788541841870e-04
3.200000000000000067e-01 8.000000000000000444e-01 9.297751490815012480e-04
3.200000000000000067e-01 8.500000000000000888e-01 9.593149599305628378e-04
3.200000000000000067e-01 9.000000000000000222e-01 9.890252040445988557e-04
3.200000000000000067e-01 9.500000000000000666e-01 1.018906472313532664e-03
3.200000000000000067e-01 1.000000000000000000e+00 1.048989311053876838e-03
3.300000000000000155e-01 0.000000000000000000e+00 4.418239697416625556e-04
3.300000000000000155e-01 5.000000000000000278e-02 4.669880530523473953e-04
3.300000000000000155e-01 1.000000000000000056e-01 4.923373088340823574e-04
3.300000000000000155e-01 1.500000000000000222e-01 5.178708615923764648e-04
3.300000000000000155e-01 2.000000000000000111e-01 5.435878622943801034e-04
3.300000000000000155e-01 2.500000000000000000e-01 5.694874877912746349e-04
3.300000000000000155e-01 3.000000000000000444e-01 5.955689402583221439e-04
3.300000000000000155e-01 3.500000000000000333e-01 6.218314466551246597e-04
3.300000000000000155e-01 4.000000000000000222e-01 6.482742582102194893e-04
3.300000000000000155e-01 4.500000000000000111e-01 6.748966499390423885e-04
3.300000000000000155e-01 5.000000000000000000e-01 7.016979202076751828e-04
3.300000000000000155e-01 5.500000000000000444e-01 7.286773903689439330e-04
3.300000000000000155e-01 6.000000000000000888e-01 7.558344045214656281e-04
3.300000000000000155e-01 6.500000000000000222e-01 7.831683294955679763e-04
3.300000000000000155e-01 7.000000000000000666e-01 8.106785553126126314e-04
3.300000000000000155e-01 7.500000000000000000e-01 8.383644967561441116e-04
3.300000000000000155e-01 8.000000000000000444e-01 8.662255980571285409e-04
3.300000000000000155e-01 8.500000000000000888e-01 8.942613488844100046e-04
3.300000000000000155e-01 9.000000000000000222e-01 9.224713674221392745e-04
3.300000000000000155e-01 9.500000000000000666e-01 9.508843354932234107e-04
3.300000000000000155e-01 1.000000000000000000e+00 9.794425366032044351e-04
3.400000000000000244e-01 0.000000000000000000e+00 3.984711919727722739e-04
3.400000000000000244e-01 5.000000000000000278e-02 4.219983857847640863e-04
3.400000000000000244e-01 1.000000000000000056e-01 4.457246688735642189e-04
3.400000000000000244e-01 1.500000000000000222e-01 4.696485793213163690e-04
3.400000000000000244e-01 2.000000000000000111e-01 4.937687017723577879e-04
3.400000000000000244e-01 2.500000000000000000e-01 5.180836660191996635e-04
3.400000000000000244e-01 3.000000000000000444e-01 5.425921456419720594e-04
3.400000000000000244e-01 3.500000000000000333e-01 5.672928567006503640e-04
3.400000000000000244e-01 4.000000000000000222e-01 5.921845564763218847e-04
3.400000000000000244e-01 4.500000000000000111e-01 6.172660422590127991e-04
3.400000000000000244e-01 5.000000000000000000e-01 6.425361501813085536e-04
3.400000000000000244e-01 5.500000000000000444e-01 6.679937540938753150e-04
3.400000000000000244e-01 6.000000000000000888e-01 6.936377644821434827e-04
3.400000000000000244e-01 6.500000000000000222e-01 7.194671274224627737e-04
3.400000000000000244e-01 7.000000000000000666e-01 7.454808235752679582e-04
3.400000000000000244e-01 7.500000000000000000e-01 7.716778672149695586e-04
3.400000000000000244e-01 8.000000000000000444e-01 7.980573052951080073e-04
3.400000000000000244e-01 8.500000000000000888e-01 8.246182165471687038e-04
3.400000000000000244e-01 9.000000000000000222e-01 8.513597106149589037e-04
3.400000000000000244e-01 9.500000000000000666e-01 8.782809272226048489e-04
3.400000000000000244e-01 1.000000000000000000e+00 9.053810353792122794e-04
3.500000000000000333e-01 0.000000000000000000e+00 3.469640445540753885e-04
3.500000000000000333e-01 5.000000000000000278e-02 3.687891304709888939e-04
3.500000000000000333e-01 1.000000000000000056e-01 3.908372261598523460e-04
3.500000000000000333e-01 1.500000000000000222e-01 4.131056929210552607e-04
3.500000000000000333e-01 2.000000000000000111e-01 4.355919990893203191e-04
3.500000000000000333e-01 2.500000000000000000e-01 4.582937145177594916e-04
3.500000000000000333e-01 3.000000000000000444e-01 4.812085054599888646e-04
3.500000000000000333e-01 3.500000000000000333e-01 5.043341298149589666e-04
3.500000000000000333e-01 4.000000000000000222e-01 5.276684327007413570e-04
3.500000000000000333e-01 4.500000000000000111e-01 5.512093423305943060e-04
3.500000000000000333e-01 5.000000000000000000e-01 5.749548661639306436e-04
3.500000000000000333e-01 5.500000000000000444e-01 5.989030873088128709e-04
3.500000000000000333e-01 6.000000000000000888e-01 6.230521611564286124e-04
3.500000000000000333e-01 6.500000000000000222e-01 6.474003122265306696e-04
3.500000000000000333e-01 7.000000000000000666e-01 6.719458312078633536e-04
3.500000000000000333e-01 7.500000000000000000e-01 6.966870721786179877e-04
3.500000000000000333e-01 8.000000000000000444e-01 7.216224499905547979e-04
3.500000000000000333e-01 8.500000000000000888e-01 7.467504378068451571e-04
3.500000000000000333e-01 9.000000000000000222e-01 7.720695647803216960e-04
3.500000000000000333e-01 9.500000000000000666e-01 7.975784138612174992e-04
3.500000000000000333e-01 1.000000000000000000e+00 8.232756197270410005e-04
3.600000000000000422e-01 0.000000000000000000e+00 2.780504666196867468e-04
3.600000000000000422e-01 5.000000000000000278e-02 2.982134450762958860e-04
3.600000000000000422e-01 1.000000000000000056e-01 3.186377339380450828e-04
3.600000000000000422e-01 1.500000000000000222e-01 3.393178577426501853e-04
3.600000000000000422e-01 2.000000000000000111e-01 3.602487248122559203e-04
3.600000000000000422e-01 2.500000000000000000e-01 3.814255845542038306e-04
3.600000000000000422e-01 3.000000000000000444e-01 4.028439913818502075e-04
3.600000000000000422e-01 3.500000000000000333e-01 4.244997739880217343e-04
3.600000000000000422e-01 4.000000000000000222e-01 4.463890089902027860e-04
3.600000000000000422e-01 4.500000000000000111e-01 4.685079981722348142e-04
3.600000000000000422e-01 5.000000000000000000e-01 4.908532487127490428e-04
3.600000000000000422e-01 5.500000000000000444e-01 5.134214559066605302e-04
3.600000000000000422e-01 6.000000000000000888e-01 5.362094879873282281e-04
3.600000000000000422e-01 6.500000000000000222e-01 5.592143727239997112e-04
3.600000000000000422e-01 7.000000000000000666e-01 5.824332855354353959e-04
3.600000000000000422e-01 7.500000000000000000e-01 6.058635388979012344e-04
3.600000000000000422e-01 8.000000000000000444e-01 6.295025728715440303e-04
3.600000000000000422e-01 8.500000000000000888e-01 6.533479465910032582e-04
3.600000000000000422e-01 9.000000000000000222e-01 6.773973305965483391e-04
3.600000000000000422e-01 9.500000000000000666e-01 7.016484998967584567e-04
3.600000000000000422e-01 1.000000000000000000e+00 7.260993276740934947e-04
3.700000000000000511e-01 0.000000000000000000e+00 1.020847225529106179e-04
3.700000000000000511e-01 5.000000000000000278e-02 1.112495915272032420e-04
3.700000000000000511e-01 1.000000000000000056e-01 1.209662990150081412e-04
3.700000000000000511e-01 1.500000000000000222e-01 1.314724551172289963e-04
3.700000000000000511e-01 2.000000000000000111e-01 1.432506053242762578e-04
3.700000000000000511e-01 2.500000000000000000e-01 1.576309565633799044e-04
3.700000000000000511e-01 3.000000000000000444e-01 2.217675967912964953e-04
3.700000000000000511e-01 3.500000000000000333e-01 2.686417391044458505e-04
3.700000000000000511e-01 4.000000000000000222e-01 2.982934981135928381e-04
3.700000000000000511e-01 4.500000000000000111e-01 3.249648765056270994e-04
3.700000000000000511e-01 5.000000000000000000e-01 3.503417383042698786e-04
3.700000000000000511e-01 5.500000000000000444e-01 3.750448603760214001e-04
3.700000000000000511e-01 6.000000000000000888e-01 3.993764677111017337e-04
3.700000000000000511e-01 6.500000000000000222e-01 4.235069482870389883e-04
3.700000000000000511e-01 7.000000000000000666e-01 4.475415962574297996e-04
3.700000000000000511e-01 7.500000000000000000e-01 4.715497009844134540e-04
3.700000000000000511e-01 8.000000000000000444e-01 4.955789814956066764e-04
3.700000000000000511e-01 8.500000000000000888e-01 5.196634435946120671e-04
3.700000000000000511e-01 9.000000000000000222e-01 5.438279654552989140e-04
3.700000000000000511e-01 9.500000000000000666e-01 5.680911238728706802e-04
3.700000000000000511e-01 1.000000000000000000e+00 5.924670143205248594e-04
3.800000000000000600e-01 0.000000000000000000e+00 7.862820346567581944e-05
3.800000000000000600e-01 5.000000000000000278e-02 8.473055462812597498e-05
3.800000000000000600e-01 1.000000000000000056e-01 9.087333070451815453e-05
3.800000000000000600e-01 1.500000000000000222e-01 9.705801022867515727e-05
3.800000000000000600e-01 2.000000000000000111e-01 1.032861744416946098e-04
3.800000000000000600e-01 2.500000000000000000e-01 1.095595178423062257e-04
3.800000000000000600e-01 3.000000000000000444e-01 1.158798601863906424e-04
3.800000000000000600e-01 3.500000000000000333e-01 1.222491601876274868e-04
3.800000000000000600e-01 4.000000000000000222e-01 1.286695312247865828e-04
3.800000000000000600e-01 4.500000000000000111e-01 1.351432594283516345e-04
3.800000000000000600e-01 5.000000000000000000e-01 1.416728246039628252e-04
3.800000000000000600e-01 5.500000000000000444e-01 1.482609245580760609e-04
3.800000000000000600e-01 6.000000000000000888e-01 1.549105035296333729e-04
3.800000000000000600e-01 6.500000000000000222e-01 1.616247856105886504e-04
3.800000000000000600e-01 7.000000000000000666e-01 1.684073142719392309e-04
3.800000000000000600e-01 7.500000000000000000e-01 1.752619994202216449e-04
3.800000000000000600e-01 8.000000000000000444e-01 1.821931738204191943e-04
3.800000000000000600e-01 8.500000000000000888e-01 1.892056612754241369e-04
3.800000000000000600e-01 9.000000000000000222e-01 1.963048597088382812e-04
3.800000000000000600e-01 9.500000000000000666e-01 2.034968433453756349e-04
3.800000000000000600e-01 1.000000000000000000e+00 2.107884896554152560e-04
3.900000000000000688e-01 0.000000000000000000e+00 6.922836347598227194e-05
3.900000000000000688e-01 5.000000000000000278e-02 7.452451382156177544e-05
3.900000000000000688e-01 1.000000000000000056e-01 7.983947761881230387e-05
3.900000000000000688e-01 1.500000000000000222e-01 8.517358598494450660e-05
3.900000000000000688e-01 2.000000000000000111e-01 9.052718104789351042e-05
3.900000000000000688e-01 2.500000000000000000e-01 9.590061648239470117e-05
3.900000000000000688e-01 3.000000000000000444e-01 1.012942580805135804e-04
3.900000000000000688e-01 3.500000000000000333e-01 1.067084843593926502e-04
3.900000000000000688e-01 4.000000000000000222e-01 1.121436872092442899e-04
3.900000000000000688e-01 4.500000000000000111e-01 1.176002725849143560e-04
3.900000000000000688e-01 5.000000000000000000e-01 1.230786612446712312e-04
3.900000000000000688e-01 5.500000000000000444e-01 1.285792895402480633e-04
3.900000000000000688e-01 6.000000000000000888e-01 1.341026102625739657e-04
3.900000000000000688e-01 6.500000000000000222e-01 1.396490935480951777e-04
3.900000000000000688e-01 7.000000000000000666e-01 1.452192278511082676e-04
3.900000000000000688e-01 7.500000000000000000e-01 1.508135209881095542e-04
3.900000000000000688e-01 8.000000000000000444e-01 1.564325012608218000e-04
3.900000000000000688e-01 8.500000000000000888e-01 1.620767186653065842e-04
3.900000000000000688e-01 9.000000000000000222e-01 1.677467461954084988e-04
3.900000000000000688e-01 9.500000000000000666e-01 1.734431812497295934e-04
3.900000000000000688e-01 1.000000000000000000e+00 1.791666471524145006e-04
4.000000000000000777e-01 0.000000000000000000e+00 6.299155866647907919e-05
4.000000000000000777e-01 5.000000000000000278e-02 6.778356041445905873e-05
4.000000000000000777e-01 1.000000000000000056e-01 7.258719952612622693e-05
4.000000000000000777e-01 1.500000000000000222e-01 7.740260593483983529e-05
4.000000000000000777e-01 2.000000000000000111e-01 8.222991231006538521e-05
4.000000000000000777e-01 2.500000000000000000e-01 8.706925414147360194e-05
4.000000000000000777e-01 3.000000000000000444e-01 9.192076982643941239e-05
4.000000000000000777e-01 3.500000000000000333e-01 9.678460076111209515e-05
4.000000000000000777e-01 4.000000000000000222e-01 1.016608914352328262e-04
4.000000000000000777e-01 4.500000000000000111e-01 1.065497895308958339e-04
4.000000000000000777e-01 5.000000000000000000e-01 1.114514460254539845e-04
4.000000000000000777e-01 5.500000000000000444e-01 1.163660152987865874e-04
4.000000000000000777e-01 6.000000000000000888e-01 1.212936552451568043e-04
4.000000000000000777e-01 6.500000000000000222e-01 1.262345273899054265e-04
4.000000000000000777e-01 7.000000000000000666e-01 1.311887970112379776e-04
4.000000000000000777e-01 7.500000000000000000e-01 1.361566332673844833e-04
4.000000000000000777e-01 8.000000000000000444e-01 1.411382093294207571e-04
4.000000000000000777e-01 8.500000000000000888e-01 1.461337025200715536e-04
4.000000000000000777e-01 9.000000000000000222e-01 1.511432944588241988e-04
4.000000000000000777e-01 9.500000000000000666e-01 1.561671712137126656e-04
4.000000000000000777e-01 1.000000000000000000e+00 1.612055234601506991e-04